byte offset: 0
first index: 0
index count: 6600
topology: trianglelist
format: DXGI_FORMAT_R16_UINT

0 1 2
2 1 3
4 0 2
3 4 2
0 4 5
6 5 4
5 6 7
8 6 4
4 3 8
6 8 9
10 7 6
9 10 6
7 10 11
10 9 12
13 11 10
14 13 10
12 14 10
11 13 15
14 16 13
16 15 13
16 14 17
17 18 16
18 19 16
15 16 19
19 18 20
18 17 21
21 22 18
18 22 20
22 23 20
22 21 24
24 25 22
23 22 25
25 24 26
25 26 27
15 19 28
20 23 29
29 19 20
19 29 28
29 23 30
31 25 27
32 31 27
31 32 33
34 33 32
33 34 35
34 36 35
36 34 37
35 36 38
33 35 39
35 38 39
31 33 40
25 31 40
33 39 40
38 41 39
42 41 38
42 43 41
44 41 43
45 41 44
46 41 45
41 46 39
39 46 40
43 42 47
42 48 47
49 46 45
49 50 46
46 50 40
50 49 30
40 50 23
50 30 23
48 42 51
42 38 51
25 40 23
52 45 44
53 45 52
45 53 54
55 54 53
54 55 56
57 56 55
58 45 54
45 58 49
58 54 59
59 60 58
61 58 60
61 60 62
62 63 61
61 63 64
61 64 65
49 61 65
49 58 61
49 65 66
67 57 55
53 67 55
67 53 68
52 68 53
68 52 69
44 69 52
69 44 70
70 44 43
70 43 71
70 71 72
72 73 70
73 72 74
72 75 74
75 76 74
74 76 73
75 72 77
77 72 78
78 72 71
71 79 78
47 71 43
71 47 79
80 79 47
81 80 47
81 82 80
81 47 48
81 48 83
83 48 84
85 84 48
86 84 85
87 84 86
86 85 88
89 88 85
89 90 88
90 91 88
92 90 89
93 92 89
92 93 94
95 93 89
95 89 85
48 95 85
96 88 91
86 88 96
36 94 93
94 36 37
51 36 93
95 51 93
51 95 48
51 38 36
97 98 99
97 99 100
98 101 99
101 98 102
102 103 101
103 102 104
103 105 101
99 105 100
105 99 101
105 103 106
107 106 103
104 107 103
106 107 108
107 104 109
109 110 107
110 108 107
110 109 111
112 110 111
111 113 112
110 112 114
114 115 110
108 110 115
115 114 116
113 117 112
117 114 112
117 113 118
118 113 119
120 113 111
113 121 119
113 122 121
120 122 113
120 111 123
124 120 123
124 125 120
126 120 125
126 122 120
114 127 116
127 114 128
114 117 128
128 129 127
129 128 130
130 128 117
130 131 129
131 130 132
131 132 133
133 132 134
135 132 130
136 132 135
136 134 132
135 137 136
136 137 138
136 138 139
140 136 139
133 134 140
136 140 134
133 140 141
141 140 142
140 139 142
139 143 142
141 142 144
145 144 142
142 143 145
145 146 144
147 138 137
147 137 148
135 148 137
149 138 147
149 147 150
147 148 151
148 152 151
153 152 148
154 152 153
154 153 119
154 119 155
155 156 154
154 156 157
157 158 154
158 159 154
154 159 152
159 160 152
151 152 160
147 161 150
147 162 161
151 160 162
150 161 163
164 163 161
150 163 165
166 161 162
166 167 161
161 167 164
119 153 118
168 150 165
168 149 150
168 169 149
170 149 169
168 171 169
168 172 171
173 171 172
171 173 174
173 172 175
172 168 176
175 172 176
169 171 177
177 171 174
177 170 169
170 177 178
178 179 170
178 180 179
180 178 181
182 180 181
181 183 182
183 181 184
178 184 181
180 182 185
186 183 184
187 180 185
180 187 188
179 180 188
184 178 189
186 184 189
190 188 187
190 191 188
190 192 191
193 188 191
179 188 193
194 193 191
191 192 195
191 195 196
191 196 197
196 198 197
199 197 198
197 199 200
200 201 197
202 201 200
202 203 201
203 204 201
204 197 201
203 205 204
206 204 205
204 206 207
194 208 207
204 208 197
208 204 207
197 208 191
191 208 194
146 207 206
207 146 145
145 194 207
145 143 194
143 193 194
209 193 143
209 143 139
209 139 138
209 138 149
209 179 193
179 209 170
170 209 149
210 211 212
211 210 213
211 214 212
215 213 210
212 216 210
216 212 217
212 214 218
212 218 219
212 219 217
216 220 210
220 221 210
210 221 215
222 221 220
223 222 220
224 222 223
222 224 225
223 226 224
227 224 226
224 227 228
229 227 226
227 229 230
224 228 231
231 232 224
232 225 224
233 225 232
233 234 225
225 234 235
225 235 236
222 225 236
230 229 237
237 238 230
239 238 237
237 240 239
237 241 240
241 242 240
243 229 244
226 244 229
244 226 245
245 246 244
245 247 246
247 245 248
248 249 247
248 250 249
250 248 251
245 252 248
248 252 251
226 252 245
252 226 223
252 223 253
252 253 251
253 254 251
251 254 255
255 256 251
250 251 256
223 220 253
253 220 254
257 254 220
220 216 257
258 257 216
259 257 258
257 259 260
260 254 257
254 260 255
258 261 259
261 258 262
262 263 261
263 262 264
264 265 263
265 264 266
266 267 265
268 266 264
269 268 264
269 264 270
271 270 264
272 267 266
266 268 272
267 272 273
273 274 267
274 275 267
276 267 275
265 267 276
276 275 277
275 278 277
275 274 278
264 279 271
280 271 279
280 279 281
281 279 282
283 281 282
282 217 283
262 282 279
262 279 264
258 282 262
258 216 282
282 216 217
284 285 286
285 284 287
285 287 288
289 286 285
286 289 290
290 289 291
291 289 292
293 287 284
287 293 294
294 295 287
295 296 287
287 296 288
296 297 288
298 288 297
297 299 298
299 297 300
301 298 299
299 302 301
302 299 303
304 301 302
304 302 305
303 299 306
307 304 305
307 308 304
309 304 308
298 301 310
309 311 304
304 311 301
309 312 311
312 313 311
314 312 309
300 315 299
299 315 306
316 313 312
312 314 316
317 316 314
317 318 316
319 311 313
320 310 319
319 321 320
321 322 320
323 320 322
319 301 311
319 310 301
310 320 324
323 324 320
323 325 324
324 325 326
326 327 324
328 327 326
327 328 329
330 329 328
329 330 331
332 331 330
331 332 333
334 333 332
333 334 335
336 335 334
335 336 337
337 336 338
337 339 335
339 340 335
335 340 341
341 342 335
335 342 292
335 292 333
342 343 292
338 344 337
344 339 337
344 338 345
338 346 345
347 346 338
338 348 347
338 336 348
347 348 349
346 347 350
349 350 347
291 292 343
333 292 289
289 331 333
289 285 331
285 329 331
329 285 288
288 327 329
288 351 327
298 351 288
298 310 351
351 310 324
351 324 327
352 353 284
284 353 354
284 354 293
352 284 286
355 356 300
355 300 357
300 356 358
358 315 300
300 297 357
359 360 361
359 361 362
360 363 361
361 363 364
362 361 28
362 28 365
365 28 366
15 361 364
361 15 28
366 28 29
29 367 366
366 367 368
366 368 369
370 369 368
370 368 371
371 368 372
372 368 373
368 367 374
373 368 374
375 373 374
375 374 66
367 30 374
30 367 29
66 374 30
49 66 30
375 66 65
376 377 378
377 376 379
376 380 379
381 380 376
381 382 380
382 381 383
383 384 382
384 385 382
385 384 386
384 387 386
387 384 388
384 383 389
384 389 388
390 383 381
381 376 390
390 376 378
383 391 389
392 389 391
383 393 391
383 390 393
393 390 394
393 394 395
391 393 396
396 393 395
397 396 395
396 398 391
398 396 399
397 399 396
397 400 399
399 400 398
388 401 387
401 388 402
402 403 401
403 402 404
404 405 403
405 404 406
406 407 405
407 406 408
408 409 407
410 409 408
411 410 408
406 411 408
412 411 406
412 406 413
413 406 414
414 406 404
402 415 404
402 416 415
417 415 416
418 417 416
392 418 416
415 419 404
419 414 404
392 416 389
416 388 389
416 402 388
420 421 379
379 422 420
422 379 423
420 422 424
379 380 423
380 425 423
380 426 425
426 427 425
427 426 385
422 428 424
421 377 379
385 426 382
380 382 426
429 430 431
430 429 432
430 432 433
434 430 433
435 433 432
433 435 436
435 437 436
438 436 437
438 437 439
435 439 437
435 440 439
436 438 441
441 442 436
433 436 442
442 441 443
444 442 443
442 444 445
432 446 435
440 435 446
442 445 447
434 433 447
433 442 447
448 445 444
445 448 449
450 449 448
449 450 451
449 452 445
452 447 445
453 452 449
451 453 449
447 452 454
453 455 452
455 456 452
456 454 452
457 451 450
451 457 458
459 458 457
458 459 460
461 460 459
461 462 460
462 463 460
463 458 460
463 464 458
464 465 458
458 465 466
451 458 466
451 466 467
451 467 453
447 454 434
468 469 434
469 468 470
469 470 471
472 471 470
472 470 468
469 471 431
430 469 431
434 469 430
473 474 446
475 446 474
446 475 476
476 475 477
477 478 476
478 477 479
480 478 479
478 481 476
440 476 481
440 446 476
432 473 446
429 473 432
118 153 148
148 135 118
135 117 118
130 117 135
482 483 484
483 482 485
483 485 486
486 246 483
486 485 243
246 486 244
243 244 486
390 378 394
147 151 162
487 488 489
488 490 489
487 491 488
491 490 488
491 487 492
492 493 491
493 492 494
493 495 491
490 491 495
495 493 496
494 497 493
497 496 493
497 494 498
496 497 499
498 500 497
501 497 500
499 497 501
500 498 502
503 501 500
502 503 500
501 503 504
505 504 503
506 505 503
503 502 506
505 506 507
504 505 508
509 508 505
505 507 509
509 507 510
508 509 511
512 511 509
510 512 509
511 512 513
512 514 513
502 515 506
507 516 510
506 516 507
516 506 515
516 517 510
518 514 512
518 519 514
519 518 520
520 521 519
521 520 522
523 521 522
521 523 524
522 525 523
520 526 522
522 526 525
518 527 520
512 527 518
520 527 526
525 526 528
529 525 528
529 528 530
531 530 528
532 531 528
533 532 528
528 526 533
526 527 533
530 534 529
529 534 535
536 532 533
536 533 537
533 527 537
537 517 536
527 510 537
537 510 517
535 538 529
529 538 525
512 510 527
539 531 532
532 540 539
540 532 541
541 542 540
542 541 543
544 542 543
545 541 532
532 536 545
545 546 541
546 545 547
548 547 545
548 549 547
549 548 550
548 551 550
548 552 551
536 552 548
536 548 545
536 553 552
554 542 544
554 540 542
540 554 555
555 539 540
539 555 556
556 531 539
531 556 557
557 530 531
557 558 530
557 559 558
560 559 557
559 560 561
562 559 561
562 561 563
561 560 563
559 562 564
564 565 559
565 558 559
558 565 566
534 558 566
558 534 530
567 534 566
568 534 567
568 567 569
568 535 534
568 570 535
570 571 535
572 535 571
573 572 571
574 573 571
573 575 572
576 572 575
576 575 577
577 575 578
579 576 577
579 580 576
580 579 581
582 576 580
582 572 576
535 572 582
583 578 575
573 583 575
581 523 580
523 581 524
538 580 523
582 580 538
538 535 582
538 523 525
584 585 586
584 587 585
588 586 585
586 588 589
590 589 588
589 590 591
592 590 588
592 585 587
585 592 588
590 592 593
593 594 590
594 591 590
594 593 595
591 594 596
597 596 594
595 597 594
596 597 598
597 599 598
598 599 600
599 597 601
602 601 597
597 595 602
601 602 603
604 600 599
601 604 599
600 604 605
605 606 600
607 598 600
600 606 608
600 608 609
607 600 609
607 610 598
611 610 607
611 607 612
613 612 607
613 607 609
614 601 603
601 614 615
604 601 615
616 615 614
615 616 617
617 604 615
618 617 616
617 618 619
618 620 619
620 621 619
622 617 619
623 622 619
623 619 621
622 623 624
623 625 624
623 626 625
627 626 623
620 627 621
623 621 627
620 628 627
628 629 627
627 629 626
626 629 630
628 631 629
632 629 631
629 632 630
632 631 633
634 624 625
634 635 624
622 624 635
636 634 625
636 637 634
634 638 635
635 638 639
640 635 639
641 640 639
641 606 640
641 642 606
642 641 643
641 644 643
644 641 645
645 641 646
641 639 646
646 639 647
638 647 639
634 637 648
634 648 649
638 649 647
637 650 648
651 648 650
637 652 650
653 649 648
653 648 654
648 651 654
606 605 640
605 635 640
635 605 622
622 605 604
617 622 604
655 652 637
655 637 636
655 636 656
657 656 636
655 656 658
659 655 658
658 660 659
660 658 661
660 662 659
655 659 663
662 663 659
656 664 658
664 661 658
657 664 656
664 657 665
665 657 666
667 665 666
665 667 668
667 669 668
670 668 669
668 670 671
671 665 668
669 667 672
673 671 670
667 674 672
674 667 675
666 675 667
665 671 676
673 676 671
677 674 675
677 675 678
677 678 679
680 678 675
666 680 675
681 678 680
678 682 679
678 683 682
678 684 683
683 684 685
686 685 684
684 687 686
687 684 688
689 687 688
689 688 690
690 688 691
691 688 684
690 691 692
691 693 692
693 691 694
681 694 695
691 684 695
695 694 691
684 678 695
678 681 695
694 633 693
633 694 632
632 694 681
632 681 630
630 681 680
696 630 680
696 626 630
696 625 626
696 636 625
696 680 666
666 657 696
657 636 696
697 698 699
698 697 700
698 700 701
702 697 699
703 700 697
700 703 704
700 705 701
700 706 705
700 704 706
703 697 707
707 697 708
697 702 708
709 707 708
710 707 709
709 711 710
711 709 712
710 711 713
711 714 713
714 711 715
714 716 713
716 714 717
711 718 715
718 711 719
719 711 712
720 719 712
720 712 721
712 722 721
712 723 722
709 723 712
717 724 716
724 717 725
726 724 725
724 726 727
724 727 728
728 727 729
730 731 716
713 716 731
731 732 713
732 731 733
732 733 734
734 735 732
735 734 736
735 736 737
737 738 735
732 735 739
735 738 739
713 732 739
739 710 713
739 740 710
739 738 740
740 738 741
738 742 741
742 738 743
737 743 738
710 740 707
740 741 707
744 707 741
707 744 703
745 703 744
744 746 745
746 744 747
741 747 744
747 741 742
748 745 746
745 748 749
750 749 748
749 750 751
752 751 750
751 752 753
753 752 754
755 751 753
756 751 755
756 757 751
758 751 757
754 759 753
753 759 755
759 754 760
760 754 761
762 761 754
763 762 754
752 763 754
763 764 762
762 764 765
761 762 765
751 758 766
767 766 758
767 768 766
768 769 766
770 769 768
769 770 704
749 766 769
749 751 766
745 749 769
745 769 703
769 704 703
771 772 773
772 771 774
771 775 774
776 771 773
773 777 776
777 778 776
778 779 776
774 780 772
780 774 781
781 774 782
782 774 783
774 775 783
783 775 784
785 784 775
786 784 785
784 786 787
772 780 788
789 786 785
790 786 789
786 790 791
792 790 789
792 793 790
791 794 786
795 793 792
795 792 796
797 796 792
785 798 789
797 792 799
792 789 799
797 799 800
800 799 801
802 797 800
803 800 801
800 803 802
804 802 803
804 803 805
806 801 799
807 806 798
806 807 808
808 807 809
810 809 807
806 799 789
806 789 798
798 811 807
810 807 811
810 811 812
811 813 812
813 811 814
814 815 813
815 814 816
816 817 815
817 816 818
818 819 817
819 818 820
820 821 819
821 820 822
822 823 821
823 822 824
824 825 823
824 822 826
826 822 827
822 828 827
828 822 829
822 779 829
822 820 779
829 779 830
831 825 824
831 824 826
825 831 832
825 832 833
833 834 825
825 834 835
825 835 823
834 836 835
834 833 837
836 834 837
778 830 779
820 776 779
776 820 818
776 818 771
771 818 816
816 775 771
775 816 814
775 814 838
785 775 838
785 838 798
838 811 798
838 814 811
839 772 840
772 788 840
839 773 772
841 787 842
841 843 787
787 844 842
844 787 845
787 786 845
786 794 845
787 843 784
846 847 848
846 849 847
848 847 850
847 851 850
849 515 847
849 852 515
852 853 515
502 851 847
847 515 502
853 516 515
516 853 854
853 855 854
853 856 855
857 855 856
857 858 855
858 859 855
859 860 855
855 861 854
860 861 855
862 861 860
862 553 861
854 861 517
517 516 854
553 517 861
536 517 553
862 552 553
863 864 865
865 866 863
863 866 867
868 863 867
868 867 869
869 870 868
870 869 871
872 871 869
871 872 873
874 871 873
871 874 875
871 876 870
871 875 876
877 868 870
868 877 863
877 864 863
870 876 878
879 878 876
870 878 880
870 880 877
880 881 877
880 882 881
878 883 880
883 882 880
884 882 883
885 883 878
883 885 886
884 883 886
884 886 887
886 885 887
888 875 874
875 888 889
890 889 888
889 890 891
892 891 890
891 892 893
894 893 892
893 894 895
895 894 896
897 895 896
898 895 897
893 895 898
899 893 898
899 900 893
900 901 893
901 891 893
889 891 902
889 902 903
904 903 902
905 903 904
879 903 905
902 891 906
906 891 901
879 876 903
903 876 875
903 875 889
907 866 908
866 907 909
909 910 866
907 911 909
866 910 867
867 910 912
867 912 913
913 912 914
914 872 913
909 911 915
908 866 865
872 869 913
867 913 869
916 917 918
918 919 916
918 920 919
921 920 918
922 919 920
920 923 922
922 923 924
923 925 924
925 926 924
922 924 926
922 926 927
925 923 928
929 928 923
920 929 923
928 929 930
929 931 930
931 929 932
919 922 933
927 933 922
929 934 932
921 934 920
920 934 929
932 935 931
935 932 936
936 937 935
937 936 938
936 932 939
939 932 934
940 936 939
938 936 940
934 941 939
940 939 942
942 939 943
943 939 941
938 944 937
944 938 945
945 946 944
946 945 947
948 946 947
948 947 949
949 947 950
950 947 945
950 945 951
951 945 952
945 953 952
938 953 945
938 954 953
938 940 954
934 921 941
955 956 921
956 955 957
955 958 957
959 957 958
959 956 957
955 917 958
918 917 955
921 918 955
960 933 961
933 962 961
962 933 963
963 964 962
964 963 965
965 966 964
967 966 965
965 963 968
927 968 963
927 963 933
919 933 960
916 919 960
969 970 971
971 972 969
971 973 972
973 971 733
973 730 972
733 731 973
730 973 731
877 881 864
634 649 638
974 975 976
975 974 977
976 978 974
978 976 979
979 980 978
980 979 981
977 982 975
982 977 983
975 984 976
984 975 985
982 985 975
986 976 984
976 986 979
987 979 986
979 987 981
985 982 988
989 990 991
990 989 992
993 990 992
990 993 994
991 995 989
995 991 996
997 994 993
994 997 998
990 999 991
999 990 1000
990 1001 1000
1001 990 994
1002 991 999
991 1002 996
994 1003 1001
1003 994 998
1004 1005 992
1006 1004 992
1006 992 1007
1008 1006 1007
1009 1008 1007
1009 1007 1010
1011 1009 1010
1009 1011 1012
1013 1012 1011
1012 1013 1014
1015 1014 1013
1014 1015 1016
1015 1017 1016
1017 1015 1018
1019 1017 1018
1017 1019 1020
1021 1020 1019
1022 1021 1019
1022 1023 1021
1024 1023 1022
1025 1023 1024
1023 1025 1026
1025 1027 1026
1027 1028 1026
1028 1029 1026
1030 1029 1028
1029 1030 1031
1031 1030 1032
1031 1032 1033
1034 1035 1029
1036 1035 1034
1034 1037 1036
1037 1038 1036
1038 1037 1039
1039 1040 1038
1040 1039 1041
1036 1042 1035
1041 1043 1040
1043 1041 1044
1045 1043 1044
1046 1045 1044
1046 1047 1045
1046 1048 1047
1048 1046 1049
1049 1050 1048
1050 1049 1051
1051 1052 1050
1051 1053 1052
1054 1055 1056
1054 1057 1055
1057 1054 1058
1058 1059 1057
1058 1060 1059
1055 1061 1056
1062 1063 1064
1062 1065 1063
1065 1066 1063
1067 1068 1069
1067 1069 1070
1071 1067 1070
1067 1072 1068
1073 1074 1075
1074 1076 1075
1075 1076 1077
1076 1078 1077
1078 1076 1079
1079 1080 1078
1080 1079 1081
1080 1081 1082
1083 1082 1081
1082 1083 1084
1085 1084 1083
1086 1087 1088
1087 1086 1089
1088 1090 1086
1090 1088 1091
1091 1092 1090
1092 1091 1093
1093 1094 1092
1094 1093 1095
1095 1096 1094
1096 1095 1097
1089 1098 1087
1099 1096 1097
1099 1097 1100
1101 1102 1103
1102 1101 1104
1105 1104 1101
1104 1105 1106
1107 1106 1105
1106 1107 1108
1109 1108 1107
1103 1102 1110
1103 1110 1111
1110 1112 1111
1113 1111 1112
1111 1113 1114
1115 1114 1113
1114 1115 1116
1116 1115 1117
1118 1116 1117
1108 1109 1119
1120 1119 1109
1121 1119 1120
1122 1119 1121
1108 1119 1122
1123 1124 1125
1124 1123 1126
1127 1128 1129
1127 1129 1130
1127 1131 1128
1131 1127 1132
1133 1134 1135
1134 1136 1135
1137 1136 1134
1136 1137 1138
1139 1138 1137
1138 1139 1140
1141 1140 1139
1140 1141 1142
1141 1143 1142
1144 1142 1143
1145 1144 1143
1146 1147 1148
1147 1146 1149
1150 1151 1152
1151 1150 1153
1153 1154 1151
1155 1150 1152
1156 1151 1154
1156 1154 1157
1158 1156 1157
1157 1159 1158
1159 1157 1160
1161 1162 1163
1162 1161 1164
1163 1165 1161
1163 1166 1165
1166 1167 1165
1167 1168 1165
1165 1168 1169
1170 1171 1172
1171 1170 1173
1174 1173 1170
1173 1174 1175
1174 1176 1175
1176 1174 1177
1177 1178 1176
1178 1177 1179
1179 1180 1178
1180 1179 1181
1182 1180 1181
1180 1182 1183
1182 1184 1183
1184 1182 1185
1172 1171 1186
1172 1186 1187
1188 1189 1190
1190 1191 1188
1190 1192 1191
1192 1193 1191
1193 1192 1194
1194 1195 1193
1195 1194 1196
1196 1197 1195
1197 1196 1198
1198 1199 1197
1199 1198 1200
1200 1201 1199
1201 1200 1202
1202 1203 1201
1204 1205 1206
1205 1204 1207
1207 1208 1205
1208 1207 1209
1210 1204 1206
1204 1210 1211
1209 1212 1208
1212 1209 1213
1212 1213 1214
1215 1212 1214
1214 1213 1216
1217 1218 1219
1217 1220 1218
1221 1218 1220
1218 1222 1219
1222 1223 1219
1223 1222 1224
1224 1225 1223
1225 1224 1226
1226 1227 1225
1227 1226 1228
1229 1227 1228
1230 1231 1232
1230 1233 1231
1233 1230 1234
1234 1235 1233
1235 1234 1236
1236 1237 1235
1237 1236 1238
1239 1237 1238
1240 1239 1238
1232 1231 1241
1242 1232 1241
1243 1244 1245
1244 1246 1245
1244 1247 1246
1248 1249 1250
1249 1251 1250
1248 1252 1249
1253 1254 1255
1254 1253 1256
1257 1255 1254
1257 1258 1255
1258 1257 1259
993 1259 1257
1257 1260 993
1261 1262 1263
1262 1261 1264
1263 1265 1261
1265 1263 1266
1267 1265 1266
1265 1267 1268
1269 1268 1267
1268 1269 1270
1271 1270 1269
1270 1271 1272
1271 1273 1272
1273 1271 1274
1275 1273 1274
1273 1275 1276
1264 1277 1262
1264 1033 1277
1278 1279 1280
1278 1281 1279
1279 1282 1280
1283 1284 1285
1283 1286 1284
1287 1286 1283
1286 1287 1288
1289 1288 1287
1288 1289 1290
1291 1290 1289
1290 1291 1292
1293 1292 1291
1292 1293 1294
1295 1294 1293
1294 1295 1296
1297 1296 1295
1298 1299 1300
1301 1298 1300
1302 1298 1301
1303 1302 1301
1302 1303 1304
1305 1304 1303
1304 1305 1306
1307 1306 1305
1306 1307 1308
1309 1308 1307
1308 1309 1310
1311 1310 1309
1310 1311 1312
1311 1313 1312
1314 1315 1316
1315 1314 1317
1318 1316 1315
1316 1318 1319
1320 1319 1318
1314 1321 1317
1321 1322 1317
1322 1321 1323
1323 1324 1322
1320 1318 1325
1326 1320 1325
1327 1328 1329
1327 1330 1328
1327 1329 1331
1332 1327 1331
1333 1328 1330
1334 1333 1330
1335 1336 1337
1337 1338 1335
1338 1337 1339
1336 1340 1337
1341 1340 1336
1340 1341 1342
1343 1342 1341
1342 1343 1344
1345 1344 1343
1344 1345 1346
1347 1346 1345
1348 1349 1350
1348 1351 1349
1349 1352 1350
1353 1354 1355
1354 1353 1356
1357 1354 1356
1354 1357 1358
1359 1360 1361
1360 1359 1362
1363 1364 1365
1366 1365 1364
1367 1366 1364
1368 1369 1370
1369 1368 1371
1372 1373 1374
1373 1372 1375
1376 1377 1378
1377 1376 1379
1380 1381 1382
1381 1380 1383
1384 1385 1386
1387 1388 1389
1390 1387 1389
1387 1390 1391
1391 1390 1392
1391 1392 1393
1389 1388 1394
1395 1396 1397
1395 1397 1398
1398 1397 1399
1400 1401 1402
1400 1403 1401
1404 1403 1400
1400 1402 1405
1406 1407 1408
1408 1407 1409
1407 1410 1409
1411 1409 1410
1409 1411 1412
1413 1412 1411
1412 1413 1414
1413 1415 1414
1415 1416 1414
1416 1415 1417
1418 1416 1417
1419 1420 1421
1420 1419 1422
1423 1422 1419
1422 1423 1424
1425 1424 1423
1424 1425 1426
1427 1426 1425
1426 1427 1428
1429 1428 1427
1428 1429 1430
1421 1420 1431
1432 1430 1429
1432 1433 1430
1434 1435 1436
1435 1434 1437
1436 1438 1434
1438 1436 1439
1439 1440 1438
1440 1439 1441
1442 1440 1441
1437 1443 1435
1437 1444 1443
1443 1444 1445
1444 1446 1445
1446 1444 1447
1447 1448 1446
1448 1447 1449
1449 1450 1448
1451 1450 1449
1441 1452 1442
1453 1442 1452
1454 1453 1452
1455 1454 1452
1441 1455 1452
1456 1457 1458
1457 1456 1459
1460 1461 1462
1460 1463 1461
1464 1460 1462
1460 1464 1465
1466 1467 1468
1468 1467 1469
1469 1467 1470
1470 1471 1469
1471 1470 1472
1472 1473 1471
1472 1474 1473
1466 1475 1467
1475 1466 1476
1476 1477 1475
1477 1478 1475
1477 1479 1478
1478 1479 1480
1479 1481 1480
1481 1479 1482
1483 1481 1482
1481 1483 1484
1483 1485 1484
1485 1483 1486
1486 1487 1485
1487 1486 1488
1488 1489 1487
1489 1488 1490
1489 1490 1491
1489 1491 1492
1492 1491 1493
1493 1491 1000
1493 1000 1494
1494 1000 1495
1496 1497 1498
1498 1497 1499
1499 1500 1498
1500 1499 1501
1501 1502 1500
1502 1501 1503
1503 1504 1502
1504 1503 1505
1504 1505 1506
1507 1506 1505
1508 1506 1507
1509 1470 1510
1511 1509 1510
1509 1511 1512
1513 1512 1511
1512 1513 1514
1515 1514 1513
1514 1515 1516
1511 1510 1517
1518 1516 1515
1516 1518 1519
1520 1519 1518
1521 1519 1520
1521 1520 1522
1523 1521 1522
1521 1523 1524
1525 1524 1523
1524 1525 1526
1526 1525 1527
1526 1527 1528
1529 1530 1531
1530 1529 1532
1533 1534 1535
1534 1533 1536
1535 1534 1537
1538 1536 1533
1539 1537 1534
1539 1540 1537
1541 1540 1539
1542 1540 1541
1540 1542 1543
1544 1545 1546
1545 1544 1547
1546 1545 1548
1546 1548 1549
1549 1548 1550
1550 1548 1551
1548 1552 1551
1553 1554 1555
1554 1553 1556
1555 1557 1553
1557 1555 1558
1559 1557 1558
1557 1559 1560
1561 1560 1559
1560 1561 1562
1563 1562 1561
1562 1563 1564
1563 1565 1564
1565 1563 1566
1567 1565 1566
1565 1567 1568
1556 1569 1554
1556 1570 1569
1571 1572 1573
1572 1571 1574
1572 1574 1575
1576 1575 1574
1575 1576 1577
1578 1577 1576
1577 1578 1579
1580 1579 1578
1579 1580 1581
1582 1581 1580
1581 1582 1583
1584 1583 1582
1583 1584 1585
1585 1584 1586
1587 1588 1589
1588 1587 1590
1591 1590 1587
1590 1591 1592
1588 1593 1589
1593 1588 1594
1595 1592 1591
1592 1595 1596
1595 1597 1596
1598 1597 1595
1597 1599 1596
1600 1601 1602
1600 1602 1603
1604 1603 1602
1602 1601 1605
1606 1605 1601
1605 1606 1607
1608 1607 1606
1607 1608 1609
1610 1609 1608
1609 1610 1611
1612 1611 1610
1613 1614 1615
1616 1613 1615
1613 1616 1617
1618 1617 1616
1617 1618 1619
1620 1619 1618
1619 1620 1621
1622 1621 1620
1623 1621 1622
1614 1624 1615
1625 1624 1614
1626 1627 1628
1628 1627 1629
1628 1629 1630
1631 1632 1633
1633 1632 1634
1631 1633 1635
1636 1637 1638
1637 1636 1639
1640 1636 1638
1640 1638 1641
1641 1642 1640
1001 1640 1642
1640 1001 1643
1644 1645 1646
1645 1644 1647
1648 1647 1644
1647 1648 1649
1648 1650 1649
1650 1648 1651
1651 1652 1650
1652 1651 1653
1653 1654 1652
1654 1653 1655
1656 1654 1655
1654 1656 1657
1656 1658 1657
1658 1656 1659
1646 1645 1660
1646 1660 1474
1661 1662 1663
1661 1663 1664
1663 1662 1665
1666 1667 1668
1666 1668 1669
1669 1670 1666
1670 1669 1671
1671 1672 1670
1672 1671 1673
1673 1674 1672
1674 1673 1675
1675 1676 1674
1676 1675 1677
1677 1678 1676
1678 1677 1679
1680 1678 1679
1681 1682 1683
1684 1682 1681
1685 1684 1681
1685 1686 1684
1686 1685 1687
1687 1688 1686
1688 1687 1689
1689 1690 1688
1690 1689 1691
1691 1692 1690
1692 1691 1693
1693 1694 1692
1694 1693 1695
1694 1695 1696
1697 1698 1699
1698 1697 1700
1699 1701 1697
1701 1699 1702
1703 1701 1702
1698 1700 1704
1705 1704 1700
1704 1705 1706
1706 1705 1707
1703 1708 1701
1709 1708 1703
1710 1711 1712
1710 1712 1713
1710 1714 1711
1715 1714 1710
1716 1713 1712
1717 1713 1716
1718 1719 1720
1719 1718 1721
1721 1722 1719
1720 1719 1723
1723 1724 1720
1724 1723 1725
1725 1726 1724
1726 1725 1727
1727 1728 1726
1728 1727 1729
1730 1728 1729
1731 1732 1733
1731 1733 1734
1733 1732 1735
1736 1737 1738
1738 1739 1736
1738 1740 1739
1740 1738 1741
1742 1743 1744
1743 1742 1745
1746 1747 1748
1749 1748 1747
1750 1748 1749
1751 1752 1753
1752 1751 1754
1755 1756 1757
1756 1755 1758
1759 1760 1761
1760 1759 1762
1763 1764 1765
1764 1763 1766
1767 1768 1769
1770 1771 1772
1773 1772 1771
1773 1774 1772
1774 1773 1775
1774 1775 1776
1770 1777 1771
1770 1778 1777
1778 1779 1777
1778 1780 1779
1778 1781 1780
1781 1782 1780
1782 1781 1783
1783 1784 1782
1784 1783 1785
1785 1786 1784
1786 1785 1787
1787 1788 1786
1788 1787 1789
1789 1790 1788
1790 1789 1791
1791 1792 1790
1792 1791 1793
1793 1794 1792
1794 1793 1795
1796 1794 1795
1794 1796 1797
1798 1797 1796
1797 1798 1799
1800 1799 1798
1799 1800 1801
1802 1801 1800
1801 1802 1803
1804 1803 1802
1803 1804 1805
1806 1805 1804
1805 1806 1807
1808 1807 1806
1807 1808 1809
1810 1809 1808
1810 1811 1809
1810 1812 1811
1813 1812 1810
1813 1814 1812
1813 1815 1814
1816 1814 1815
1816 1815 1817
1817 1818 1816
1817 1819 1818
1820 1821 1822
1823 1820 1822
1820 1824 1821
1823 1822 1825
1826 1823 1825
1827 1826 1825
1827 1825 1828
1829 1827 1828
1829 1828 1830
1831 1829 1830
1830 1832 1831
1832 1833 1831
1832 1834 1833
1832 1835 1834
1835 1832 1836
1835 1836 1837
1837 1836 1838
1839 1821 1824
1839 1840 1821
1841 1840 1839
1841 1842 1840
1843 1842 1841
1844 1842 1843
1844 1845 1842
1846 1845 1844
1846 1847 1845
1848 1847 1846
1847 1848 1849
1849 1848 1850
1849 1850 1851
1849 1851 1852
1852 1853 1849
1852 1854 1853
1854 1855 1853
1856 1857 1858
1857 1859 1858
1859 1857 1860
1860 1861 1859
1861 1860 1862
1862 1863 1861
1863 1862 1864
1864 1865 1863
1865 1866 1863
1866 1867 1863
1866 1868 1867
1868 1869 1867
1869 1868 1870
1871 1869 1870
1869 1871 1872
1873 1872 1871
1873 1874 1872
1875 1874 1873
1876 1874 1875
1877 1874 1876
1874 1877 1878
1879 1878 1877
1878 1879 1880
1881 1880 1879
1880 1881 1882
1883 1882 1881
1884 1885 1886
1887 1886 1885
1887 1885 1888
1888 1889 1887
1888 1890 1889
1884 1886 1891
1884 1891 1892
1892 1891 1893
1892 1893 1894
1892 1894 1895
1896 1895 1894
1895 1896 1897
1898 1897 1896
1897 1898 1899
1900 1899 1898
1899 1900 1901
1902 1901 1900
1901 1902 1903
1904 1903 1902
1903 1904 1905
1906 1905 1904
1905 1906 1907
1908 1907 1906
1907 1908 1909
1908 1910 1909
1910 1908 1911
1911 1912 1910
1912 1911 1913
1913 1914 1912
1914 1913 1915
1915 1916 1914
1916 1915 1917
1917 1918 1916
1918 1917 1919
1919 1920 1918
1920 1919 1921
1921 1922 1920
1922 1921 1923
1924 1922 1923
1924 1923 1925
1924 1925 1926
1927 1924 1926
1927 1926 1928
1927 1928 1929
1930 1929 1928
1930 1931 1929
1931 1930 1932
1931 1932 1933
1934 1935 1936
1934 1937 1935
1938 1937 1934
1939 1937 1938
1940 1939 1938
1941 1939 1940
1941 1942 1939
1943 1942 1941
1944 1942 1943
1945 1944 1943
1944 1945 1946
1946 1945 1947
1946 1947 1948
1946 1948 1949
1949 1950 1946
1949 1951 1950
1951 1952 1950
1953 1954 1955
1956 1955 1954
1955 1956 1957
1958 1957 1956
1957 1958 1959
1960 1959 1958
1959 1960 1961
1961 1960 1962
1962 1960 1963
1963 1960 1964
1963 1964 1965
1966 1965 1964
1965 1966 1967
1966 1968 1967
1968 1966 1969
1970 1968 1969
1970 1969 1971
1972 1970 1971
1973 1972 1971
1971 1974 1973
1974 1971 1975
1975 1976 1974
1976 1975 1977
1977 1978 1976
1978 1977 1979
1980 1978 1979
1981 1936 1935
1981 1935 1982
1983 1981 1982
1984 1983 1982
1985 1983 1984
1986 1985 1984
1986 1984 1987
1988 1986 1987
1989 1988 1987
1990 1988 1989
1989 1991 1990
1991 1992 1990
1991 1993 1992
1991 1994 1993
1994 1991 1995
1994 1995 1996
1996 1995 1997
