byte offset: 0
first index: 0
index count: 17973
topology: trianglelist
format: DXGI_FORMAT_R16_UINT

0 1 2
2 3 0
3 2 4
5 2 1
2 5 6
6 4 2
1 7 5
7 1 8
4 6 9
10 5 7
5 10 11
6 5 11
12 11 10
11 12 13
8 14 7
14 8 15
15 16 14
17 14 16
14 17 18
7 18 10
18 7 14
16 15 19
20 18 17
18 20 21
21 10 18
10 21 12
16 19 22
17 23 20
24 16 22
16 24 17
17 24 23
22 25 24
23 24 25
23 25 26
25 22 27
26 25 28
27 28 25
28 27 29
29 30 28
30 29 31
31 32 30
32 31 33
33 34 32
35 32 34
32 35 36
32 36 30
34 33 37
37 38 34
39 34 38
39 35 34
38 37 40
38 40 41
42 37 33
37 42 43
44 43 42
43 44 45
40 46 41
43 47 37
47 43 48
45 48 43
48 49 47
49 48 50
50 51 49
51 50 52
52 53 51
53 52 54
52 50 55
55 54 52
55 56 54
55 57 56
58 50 48
48 45 58
59 58 45
58 59 60
59 61 60
61 59 62
50 58 63
60 63 58
55 63 57
50 63 55
59 64 62
64 59 65
45 65 59
65 45 44
44 66 65
66 44 67
63 68 57
63 60 68
69 57 68
69 60 61
60 69 68
57 69 70
71 57 70
42 67 44
67 42 72
72 73 67
73 72 74
75 74 72
74 75 76
76 77 74
77 76 78
78 79 77
79 78 80
81 77 79
77 81 82
74 82 73
82 74 77
83 82 81
82 83 84
84 73 82
85 84 83
73 84 86
87 86 84
85 87 84
88 87 85
86 67 73
67 86 66
89 66 86
87 89 86
87 90 89
88 90 87
66 89 91
90 92 89
91 65 66
65 91 64
93 89 92
89 93 91
94 91 93
91 94 64
95 64 94
64 95 62
96 62 95
62 96 61
97 61 96
61 97 69
98 69 97
69 98 70
70 98 99
95 100 96
97 96 100
100 95 101
95 94 101
102 97 100
97 102 98
99 98 103
98 102 103
104 99 103
99 104 105
106 105 104
105 106 107
71 99 105
70 99 71
105 108 71
108 105 107
71 108 56
57 71 56
108 109 56
56 109 110
56 110 54
111 54 110
54 111 53
94 112 101
112 94 93
93 113 112
93 92 113
92 90 113
113 90 114
90 88 114
114 88 115
88 116 115
116 88 117
117 118 116
118 117 119
120 119 117
119 120 121
122 121 120
121 122 123
124 123 122
123 124 125
126 125 124
125 126 127
128 127 126
127 128 129
129 130 127
130 129 131
130 131 132
132 133 130
134 130 133
133 135 134
135 133 136
132 136 133
130 134 137
127 137 125
137 127 130
138 134 135
134 138 139
139 137 134
140 139 138
139 140 141
141 142 139
137 139 142
142 141 143
144 141 140
141 144 145
145 143 141
136 132 146
143 145 147
146 132 148
149 147 145
147 149 150
151 145 144
145 151 149
146 148 152
153 152 148
153 148 154
148 155 154
155 148 131
132 131 148
155 131 129
147 121 143
123 143 121
143 123 142
121 147 119
125 142 123
142 125 137
150 119 147
119 150 118
156 157 158
157 159 158
159 157 160
161 160 157
156 161 157
160 161 162
162 163 160
163 162 164
164 165 163
165 164 166
167 163 165
163 167 168
160 168 159
168 160 163
166 4 165
4 166 3
165 9 167
9 165 4
169 170 171
169 172 170
172 169 173
174 173 169
169 175 174
175 169 171
176 174 175
174 176 177
177 178 174
173 174 178
178 177 179
180 179 177
179 180 181
182 181 180
181 182 183
182 184 183
184 182 185
185 186 184
186 185 187
187 188 186
188 187 189
188 189 190
182 191 185
191 182 192
180 192 182
192 180 193
187 194 189
189 194 190
194 187 195
195 185 191
185 195 187
177 193 180
193 177 176
196 197 198
197 196 199
196 200 199
200 196 201
199 202 197
202 199 203
203 204 202
204 203 205
203 206 205
206 203 207
207 199 200
199 207 203
208 205 206
205 208 209
210 209 208
209 210 211
210 212 211
213 209 211
212 213 211
209 213 214
205 214 204
214 205 209
196 215 201
216 217 218
216 219 217
220 218 217
219 220 217
218 220 221
220 222 221
222 220 223
224 223 220
220 219 224
223 224 225
223 226 222
226 223 227
225 227 223
227 228 226
228 227 229
229 230 228
230 229 231
231 232 230
232 231 233
233 231 6
227 225 234
234 229 227
229 234 235
235 231 229
231 235 236
6 231 236
233 13 232
13 233 11
11 233 6
237 238 239
240 241 41
240 41 242
243 242 41
244 242 243
46 243 41
243 46 245
245 246 243
246 244 243
247 244 246
248 247 246
246 245 248
247 248 249
247 250 244
241 38 41
241 39 38
72 33 75
33 72 42
30 251 28
30 36 251
26 28 251
126 80 128
80 126 79
124 79 126
79 124 81
122 81 124
81 122 83
120 83 122
83 120 85
117 85 120
85 117 88
252 253 254
170 252 254
171 170 254
170 255 252
255 170 172
172 256 255
256 257 255
258 259 260
259 261 260
262 258 260
263 258 262
263 264 258
263 265 264
264 265 266
267 264 266
266 268 267
268 269 267
270 269 268
265 271 266
263 271 265
266 271 272
266 272 273
263 274 271
275 274 263
274 275 276
277 276 275
276 277 278
272 279 273
273 279 280
281 282 283
282 281 284
284 285 282
285 284 286
286 287 285
287 286 288
288 289 287
289 288 290
290 291 289
291 290 292
292 293 291
293 292 294
294 295 293
295 294 296
297 295 296
295 297 298
299 300 301
299 302 300
302 299 303
303 299 304
305 303 304
305 304 306
307 306 304
306 307 308
308 307 309
307 310 309
307 311 310
311 307 312
307 304 312
304 299 312
313 308 309
312 314 311
312 299 314
299 315 314
316 306 308
313 316 308
316 317 306
317 305 306
313 318 316
318 319 316
319 320 316
321 318 313
320 322 316
317 316 322
322 320 323
317 322 324
324 305 317
305 324 325
305 325 326
303 305 326
302 303 326
322 323 327
327 323 328
327 328 329
329 328 330
329 330 331
331 330 332
331 332 333
332 334 333
334 335 333
334 336 335
336 337 335
337 336 338
337 338 339
338 340 339
340 341 339
342 343 344
344 345 342
342 345 346
346 347 342
342 348 343
343 348 349
344 343 349
344 349 350
348 351 349
348 352 351
352 353 351
353 354 351
354 349 351
354 350 349
354 355 350
356 354 353
355 354 356
357 355 356
347 358 342
359 358 347
359 347 346
360 359 346
358 359 361
358 361 362
363 362 361
363 361 359
364 363 359
364 359 360
365 364 360
363 364 366
364 365 366
365 367 366
357 356 368
357 368 369
370 369 368
368 371 370
371 372 370
371 373 372
374 372 373
367 375 366
367 376 375
375 376 377
378 375 377
377 379 378
378 379 380
380 379 381
382 383 384
383 382 385
386 383 385
386 385 387
386 387 388
388 389 386
390 389 388
388 391 390
392 390 391
392 393 390
394 389 390
395 394 390
390 396 395
397 395 396
398 395 397
397 399 398
395 398 400
394 395 400
401 394 400
398 401 400
393 392 402
403 393 402
404 405 406
407 404 406
404 407 408
407 409 408
409 407 410
410 411 409
411 410 412
404 413 405
404 414 413
413 415 405
415 413 416
416 417 415
417 416 418
419 420 421
419 421 422
422 423 419
422 424 423
424 422 425
426 424 425
427 421 420
427 422 421
428 422 427
422 429 425
429 422 428
426 425 429
430 431 432
432 431 433
433 431 434
430 435 431
435 430 436
433 434 437
433 437 438
439 438 437
439 437 434
439 440 438
439 441 440
441 439 442
433 438 443
433 443 444
443 445 444
444 445 446
445 447 446
439 434 448
439 448 449
449 448 450
449 450 451
452 441 442
453 454 455
454 453 456
457 456 453
456 457 458
459 458 457
458 459 460
461 460 459
460 461 462
463 462 461
462 463 464
465 464 463
464 465 466
467 466 465
466 467 468
467 469 468
469 467 470
299 471 315
472 473 474
473 475 474
476 475 473
475 476 477
478 477 476
476 479 478
479 480 478
480 481 478
481 480 482
482 480 483
483 484 482
484 483 485
486 487 479
486 488 487
487 488 489
490 489 488
491 490 488
488 486 491
492 491 486
493 491 492
490 491 493
490 493 494
495 496 497
496 495 498
499 496 498
496 499 500
501 495 497
495 501 502
503 504 505
504 503 506
507 506 503
506 507 508
508 509 506
509 508 510
506 511 504
511 506 509
505 512 503
512 505 513
514 503 512
503 514 507
511 515 504
516 510 508
510 516 517
509 518 511
518 509 519
519 520 518
521 518 520
518 521 522
520 519 523
524 523 519
523 524 525
526 525 524
524 527 526
527 524 528
519 528 524
525 526 529
527 528 530
530 531 527
528 532 530
509 532 528
519 509 528
533 518 522
522 534 533
533 534 515
535 534 522
518 533 511
511 533 515
522 536 535
535 536 537
538 537 536
536 539 538
539 536 521
536 522 521
539 521 540
541 539 540
542 539 541
541 543 542
543 541 544
543 544 545
546 544 541
544 546 547
544 547 548
545 544 548
545 548 549
550 549 548
546 551 547
551 546 552
552 553 551
553 552 554
555 547 551
555 551 556
551 553 556
555 556 557
555 557 558
558 559 555
547 555 559
559 550 548
547 559 548
559 558 560
550 559 560
556 561 557
561 556 562
553 562 556
562 553 563
554 563 553
563 554 564
565 550 560
550 565 566
567 566 565
566 567 568
568 567 569
569 567 570
570 571 569
570 572 571
572 570 573
570 574 573
574 570 575
567 575 570
575 576 574
576 575 577
577 578 576
579 578 577
578 579 580
565 581 567
575 567 582
582 577 575
577 582 579
583 568 569
571 583 569
568 583 584
585 571 572
581 565 586
560 586 565
586 560 587
587 588 586
588 587 589
590 586 588
586 590 581
589 591 588
591 589 592
593 588 591
588 593 590
566 584 594
594 595 566
584 566 568
596 566 595
596 550 566
597 598 599
598 600 599
600 598 601
598 602 601
603 600 601
601 602 603
600 603 604
605 604 603
604 605 606
505 599 600
604 505 600
599 505 504
515 599 504
597 599 515
505 604 513
606 513 604
607 608 609
609 610 607
610 609 611
612 610 611
610 612 613
614 613 612
613 614 615
616 617 618
617 616 619
618 617 620
621 622 623
622 624 623
624 622 625
626 624 625
624 626 627
628 629 630
629 628 631
632 630 629
630 632 633
634 633 632
633 634 635
636 635 634
637 638 639
638 637 640
546 639 638
639 546 641
641 642 639
643 639 642
639 643 644
637 639 644
645 637 644
637 645 646
642 641 647
644 648 645
648 644 643
649 640 637
640 649 650
648 651 645
651 652 645
652 646 645
646 652 653
654 650 649
650 654 655
541 641 546
641 541 540
540 647 641
647 540 521
656 657 658
657 656 659
660 658 657
658 660 661
661 660 662
663 659 656
659 663 664
665 664 663
664 665 666
667 666 665
666 667 668
669 668 667
668 669 670
671 672 673
672 671 674
674 675 672
675 674 676
673 677 671
677 673 678
679 675 676
680 681 682
681 680 683
683 684 681
684 683 685
685 686 684
686 685 687
688 686 687
689 557 690
557 689 691
690 692 689
557 691 558
693 694 695
694 693 696
693 697 696
697 693 698
694 699 695
698 700 697
700 698 701
702 703 704
703 702 705
705 706 703
706 705 707
708 706 707
709 710 711
712 709 711
709 712 713
714 713 712
713 714 715
716 717 718
717 716 719
719 720 717
720 719 721
722 720 721
723 724 725
724 723 726
725 727 723
727 725 728
729 728 725
725 724 729
728 729 730
731 726 723
726 731 732
733 723 727
723 733 731
727 734 733
734 727 735
736 735 727
735 736 737
737 738 735
738 737 739
740 739 737
739 740 741
742 737 736
737 742 740
743 735 738
735 743 734
738 744 743
744 738 745
745 738 746
745 746 747
747 748 745
747 749 748
750 747 746
747 750 751
751 749 747
749 751 752
752 753 749
753 752 754
755 749 753
749 755 748
756 745 748
745 756 744
757 748 755
748 757 756
758 757 755
757 758 759
760 759 758
759 760 761
755 762 758
762 755 763
758 764 760
764 758 765
758 762 765
762 766 765
766 762 767
765 768 764
768 765 766
769 768 766
763 770 762
770 763 771
771 772 770
772 771 773
767 774 766
769 766 774
774 767 775
776 761 777
777 778 776
776 778 779
780 776 779
776 780 781
782 781 780
781 782 783
784 782 780
785 784 780
779 785 780
785 779 786
778 786 779
786 778 787
787 778 788
789 788 778
778 777 789
788 789 790
787 791 786
781 792 776
792 781 793
783 793 781
793 783 794
761 776 792
793 794 795
795 761 792
792 793 795
759 761 795
757 759 795
756 757 795
744 756 795
743 744 795
734 743 795
733 734 795
731 733 795
732 731 795
796 797 798
797 796 799
799 800 797
800 799 801
802 803 804
803 802 805
804 806 802
806 804 807
808 809 810
809 808 811
812 746 813
746 812 814
812 815 814
738 813 746
816 817 818
817 816 819
820 816 818
816 820 821
819 822 817
822 819 823
824 825 822
825 824 826
826 827 825
827 826 828
829 830 831
830 829 832
833 832 829
832 833 834
835 834 833
834 835 836
837 838 839
838 837 840
841 838 840
838 841 842
843 837 839
837 843 844
845 846 847
846 845 848
845 849 848
849 845 850
849 850 851
852 849 851
851 850 853
514 854 507
854 508 507
508 854 516
855 856 857
856 855 858
859 860 861
860 859 862
863 862 859
862 863 864
864 865 862
865 864 866
864 867 866
867 864 868
869 864 863
864 869 868
859 870 863
870 859 871
861 871 859
863 872 869
872 863 870
860 873 861
874 861 873
861 874 875
871 861 875
873 876 874
876 873 877
877 138 876
138 877 140
877 873 878
879 878 873
880 878 879
878 880 881
881 882 878
878 882 877
882 881 883
873 860 879
881 880 884
885 884 880
885 880 879
884 885 886
887 886 885
886 887 888
889 888 887
888 889 890
889 891 890
891 889 892
890 893 888
893 890 894
894 890 891
895 888 893
888 895 886
886 896 884
896 886 895
892 897 891
897 892 898
899 891 897
891 899 894
897 900 899
900 897 901
898 901 897
902 900 901
900 902 903
904 900 903
900 904 905
905 906 900
906 905 907
904 908 905
908 904 909
908 910 905
910 908 911
911 912 910
912 911 913
913 914 912
915 912 914
914 916 915
916 914 917
912 915 918
914 913 919
919 917 914
917 920 916
920 917 921
922 921 917
917 919 922
921 922 923
912 918 924
912 924 910
925 924 918
918 894 925
925 894 899
900 925 899
893 918 915
918 893 894
915 895 893
895 915 916
920 895 916
895 920 896
922 926 923
926 922 927
927 928 926
928 927 929
927 930 929
930 927 931
922 931 927
931 932 930
932 931 933
934 932 933
935 934 933
934 935 936
937 936 935
936 937 938
937 939 938
939 937 940
937 909 940
909 937 908
935 908 937
919 933 931
931 922 919
933 919 913
933 911 935
911 933 913
908 935 911
941 940 909
909 942 941
943 941 942
942 944 943
944 942 945
941 943 946
943 947 946
947 943 948
945 949 944
944 949 950
949 945 951
950 952 944
943 952 948
952 943 944
953 948 952
950 954 952
952 954 953
950 955 954
954 956 953
956 954 955
956 955 957
956 958 953
956 959 958
957 959 956
957 960 959
959 960 961
962 948 953
948 962 963
964 962 953
958 964 953
965 962 964
962 965 963
959 966 958
966 959 961
966 964 958
964 966 967
964 967 968
968 965 964
969 965 968
965 969 970
970 963 965
970 969 971
970 971 972
963 970 972
971 969 973
971 974 972
961 960 975
976 975 960
960 977 976
978 976 977
977 979 978
979 977 980
981 979 980
979 981 982
983 982 981
982 983 984
985 984 983
985 986 984
986 985 987
976 978 988
988 989 976
975 976 989
989 988 990
990 991 989
991 990 992
993 991 992
994 993 992
995 993 994
994 996 995
996 997 995
994 998 996
998 994 999
992 999 994
999 992 990
999 1000 998
1000 999 1001
990 1001 999
1001 990 988
1002 998 1000
998 1002 1003
996 1003 997
1003 996 998
1004 1003 1002
1003 1004 1005
1005 997 1003
1004 1006 1005
1006 1004 1007
1002 1008 1004
1008 1007 1004
1008 1002 1009
1000 1009 1002
1009 1010 1008
1010 1009 1011
1010 1012 1008
1007 1008 1012
1012 1010 1013
1014 1013 1010
1011 1014 1010
1013 1014 1015
1014 1016 1015
1016 1014 1017
1014 1018 1017
1018 1014 1019
1014 1011 1019
1017 1020 1016
1021 1019 1011
1019 1021 1022
1019 1022 1018
1022 1021 1023
1022 1023 1024
1025 1023 1021
1021 1026 1025
1021 1011 1026
1027 1017 1018
1028 1027 1018
1022 1028 1018
1022 1029 1028
1022 1024 1029
1027 1028 1030
1029 986 1028
986 1030 1028
1026 1001 1025
1001 1026 1000
1009 1000 1026
1011 1009 1026
1031 1027 1030
1027 1031 868
868 1031 1032
1033 1032 1031
1033 1031 1030
1034 1032 1033
1032 1034 898
1033 1035 1034
1035 1033 1036
1036 1033 1030
1036 986 1035
1030 986 1036
986 1029 984
1024 984 1029
984 1024 982
1023 982 1024
982 1023 979
1023 978 979
978 1023 1025
1025 988 978
988 1025 1001
898 867 1032
867 898 892
867 868 1032
892 1037 867
1037 866 867
1038 866 1037
866 1038 865
865 1038 1039
1039 862 865
862 1039 860
879 860 1039
1038 885 1039
885 879 1039
1038 887 885
889 887 1038
892 889 1037
868 1040 1027
1040 1041 1027
1040 872 1041
1041 1042 1027
1042 1041 1020
1043 1041 872
1020 1041 1043
1043 872 1044
870 1044 872
1044 870 1045
871 1045 870
1046 1020 1043
1046 1043 1047
1047 1043 1044
1046 1048 1020
1047 1044 1049
1044 1045 1049
1049 1050 1047
1050 1049 1051
1051 1052 1050
1052 1051 1053
1054 1053 1051
1054 1051 1049
1053 1054 1055
1054 1056 1055
1056 1054 1057
1058 1050 1052
1050 1058 1059
1050 1059 1047
1059 1046 1047
1046 1059 1060
1057 1061 1056
1061 1057 1062
1062 1063 1061
1064 1063 1062
1063 1064 1065
1065 135 1063
135 1065 138
1066 1062 1057
1062 1066 1064
1067 1057 1054
1057 1067 1066
1067 1054 1049
136 1063 135
1063 136 1068
146 1068 136
1068 146 1069
146 1070 1069
1070 1071 1069
1069 1072 1068
1072 1069 1071
1072 1073 1068
1071 1074 1072
1074 1071 1075
1074 1076 1072
1074 1077 1076
1077 1074 1078
1078 1079 1077
1079 1078 1080
1078 1081 1080
1081 1078 1082
1074 1082 1078
1082 1074 1075
1083 1080 1081
1080 1083 1084
1084 1079 1080
1084 1083 1085
1081 1086 1083
1086 1081 1087
1082 1087 1081
1088 1085 1083
1083 1086 1088
1087 1082 1089
1075 1089 1082
1089 1075 1090
1071 1090 1075
1090 1071 1091
1086 1092 1088
1079 1084 1093
1094 1093 1084
1093 1094 1095
1095 1094 1096
1058 1095 1096
1097 1096 1094
1098 1096 1097
1096 1098 1099
1100 1098 1097
1094 1100 1097
1098 1100 1101
1101 1102 1098
1102 1101 1103
1052 1095 1058
1095 1052 1093
1053 1093 1052
1093 1053 1079
1055 1079 1053
1079 1055 1077
1056 1077 1055
1077 1056 1076
1104 1076 1056
1076 1104 1072
1105 1098 1102
1098 1105 1099
1102 1106 1105
1106 1102 1107
1103 1107 1102
1107 1108 1106
1108 1107 1109
1110 1109 1107
1107 1103 1110
1109 1110 1111
1112 1111 1110
1111 1112 1113
1114 1113 1112
1113 1114 1115
1112 1116 1114
1116 1112 1117
1110 1117 1112
1111 1118 1109
1118 1111 1119
1113 1119 1111
1118 1119 1120
1118 1120 1121
1122 1118 1121
1118 1122 1123
1123 1109 1118
1109 1123 1108
1121 1120 1124
1125 1121 1124
1121 1125 1122
1126 1125 1124
1119 1113 1127
1115 1127 1113
1123 1122 1128
1122 1129 1128
1129 1122 1125
1130 1128 1129
1129 1131 1130
1125 1131 1129
1131 1125 1126
1126 1132 1131
1132 1126 1133
1133 1134 1132
1134 1133 1135
1135 1136 1134
1136 1137 1134
1138 1132 1134
1137 1138 1134
1139 1132 1138
1128 1130 1140
1130 1141 1140
1141 1130 1142
1143 1142 1130
1143 1132 1139
1132 1143 1131
1131 1143 1130
1142 1143 1144
1139 1144 1143
1144 1145 1142
1145 1144 1146
1141 1147 1140
1147 1141 1148
1149 1148 1141
1149 1150 1148
1151 1149 1141
1151 1142 1145
1142 1151 1141
1150 1152 1148
1148 1152 1147
1152 1153 1147
1154 1140 1147
1140 1154 1128
1155 1146 1144
1146 1155 1156
1157 1156 1155
1156 1157 1158
1159 1158 1157
1157 1137 1159
1159 1137 1160
1159 1160 1161
1158 1159 1161
1136 1160 1137
1137 1157 1138
1155 1138 1157
1138 1155 1139
1162 1153 1152
1048 1162 1152
1161 1006 1158
1006 1161 1163
1163 1161 1164
1160 1164 1161
1163 1005 1006
1005 1163 1165
997 1005 1165
1165 1166 997
1166 1165 1167
1163 1164 1167
1163 1167 1165
997 1166 995
1150 1048 1152
1048 1150 1020
1016 1020 1150
1150 1149 1016
1016 1149 1015
1015 1149 1151
1145 1015 1151
1015 1145 1013
1146 1013 1145
1013 1146 1012
1156 1012 1146
1012 1156 1007
1158 1007 1156
1007 1158 1006
1017 1042 1020
1042 1017 1027
1168 1169 1170
1169 1168 1171
1171 1172 1169
1172 1171 1173
946 1173 1171
1168 946 1171
1173 946 947
947 972 1173
972 947 963
948 963 947
946 1168 941
1173 974 1172
974 1173 972
940 941 1168
1170 940 1168
940 1170 939
140 1174 144
1175 144 1174
144 1175 151
1174 883 1175
883 1176 1175
881 1176 883
881 884 1176
884 896 1176
1176 896 1177
896 920 1177
921 1177 920
1177 921 1178
1178 921 923
923 1179 1178
1179 923 926
926 1180 1179
1180 926 928
1181 1179 1180
1179 1181 1182
1181 1183 1182
1183 1184 1182
1179 1184 1178
1184 1179 1182
1184 1177 1178
1184 1183 1185
1185 1186 1184
1177 1184 1186
1186 1185 1187
1188 1187 1185
1185 1189 1188
1189 1185 1190
1185 1183 1190
1187 1188 1191
1192 1187 1191
1191 1193 1192
1192 1193 1194
1192 1194 1195
1187 1196 1186
1196 1187 1192
1176 1186 1196
1197 1176 1196
1197 1192 1195
1198 1197 1196
1197 1195 151
1186 1176 1177
1197 151 1175
1176 1197 1175
1199 1153 1200
1153 1199 1201
1202 1153 1201
1153 1162 1200
1106 1202 1201
1202 1106 1108
1108 1154 1202
1147 1202 1154
1202 1147 1153
1154 1108 1123
1154 1123 1128
1201 1105 1106
1105 1201 1199
1199 1099 1105
1099 1199 1203
1200 1203 1199
1096 1099 1203
1096 1203 1058
1203 1204 1058
1203 1200 1204
1204 1059 1058
1059 1204 1060
1200 1060 1204
1060 1200 1162
1046 1060 1162
1048 1046 1162
1205 1206 1207
1208 1207 1206
1209 1207 1208
1209 1210 1207
1209 1208 1211
1211 1208 1206
1211 1206 1212
1213 1209 1211
1212 1214 1211
1214 1213 1211
1214 1212 1215
1215 1216 1214
1216 1215 1217
1218 1214 1216
1214 1218 1219
1213 1214 1219
1217 1220 1216
1220 1217 1221
1221 1222 1220
1222 1221 1223
1224 1220 1222
1220 1224 1225
1216 1225 1218
1225 1216 1220
1223 1226 1222
1226 1224 1222
1226 1223 1227
1228 1226 1227
1226 1228 1229
1229 1230 1226
1224 1226 1230
1230 1229 1231
1232 1233 1234
1233 1232 1235
1234 1236 1232
1236 1234 1237
1237 1238 1236
1238 1237 1239
1240 1238 1239
1238 1240 1241
1242 1241 1240
1241 1242 1243
1235 1244 1233
1244 1235 1245
1242 1246 1243
1246 1242 1247
1247 1248 1246
1248 1247 1249
1249 1250 1248
1250 1249 1251
1251 1252 1250
1252 1251 1253
1253 1254 1252
1254 1253 1255
1255 1256 1254
1256 1255 1257
1257 1258 1256
1258 1257 1259
1260 1258 1259
1258 1260 1261
1260 1262 1261
1262 1260 1263
1264 1262 1263
1265 1262 1264
1266 1265 1264
1265 1266 1267
1268 1267 1266
1269 1270 1271
1269 1272 1270
1269 1273 1272
1270 1274 1271
1271 1274 1275
1274 1276 1275
1277 1275 1276
1277 1276 1278
1279 1277 1278
1280 1279 1278
1244 1279 1280
1279 1244 1281
1282 1272 1273
1272 1282 1283
1284 1283 1282
1283 1284 1285
1286 1285 1284
1285 1286 1287
1288 1287 1286
1287 1288 1289
1290 1289 1288
1289 1290 1291
1292 1291 1290
1291 1292 1293
1294 1293 1292
1295 1293 1294
1294 1296 1295
1295 1296 1297
1296 1298 1297
1298 1299 1297
1300 1299 1298
1301 1302 1303
1302 1301 1304
1304 1305 1302
1305 1304 1306
1303 1307 1301
1307 1303 1308
1309 1305 1306
1305 1309 1310
1308 1311 1307
1311 1308 1312
1312 1313 1311
1313 1312 1314
1314 1315 1313
1315 1314 1316
1316 1317 1315
1317 1316 1318
1318 1319 1317
1319 1318 1320
1321 1310 1309
1321 1309 1322
1323 1319 1320
1319 1323 1324
1325 1324 1323
1324 1325 1326
1326 1325 1327
1327 1325 1328
1329 1327 1328
1330 1329 1328
1329 1330 1331
1332 1331 1330
1332 1333 1331
1333 1332 1334
1334 1335 1333
1335 1336 1333
1336 1335 1337
1338 1339 1322
1339 1338 1340
1341 1340 1338
1340 1341 1342
1343 1342 1341
1342 1343 1344
1345 1346 1347
1346 1345 1348
1348 1117 1346
1117 1348 1116
1103 1346 1117
1117 1110 1103
1346 1103 1101
1101 1347 1346
1347 1101 1100
1094 1347 1100
1347 1094 1349
1345 1347 1349
1350 1351 1352
1351 1350 1353
1354 1353 1350
1353 1354 1355
1350 1356 1354
1356 1350 1357
1352 1357 1350
1357 1358 1356
1358 1357 1359
1360 1359 1357
1357 1352 1360
1359 1360 1361
1361 1362 1359
1362 1361 1363
1364 1362 1363
1362 1364 1365
1366 1362 1365
1362 1366 1367
1367 1359 1362
1359 1367 1358
1368 1365 1364
1365 1368 1369
1369 1366 1365
1370 1369 1368
1369 1370 1371
1372 1369 1371
1369 1372 1373
1366 1369 1373
1370 1374 1371
1371 1374 1372
1374 1370 1375
1375 1376 1374
1374 1377 1372
1374 1378 1377
1378 1374 1376
1379 1378 1376
1375 1379 1376
1380 1381 1382
1381 1380 1383
1384 1382 1381
1382 1384 1385
1386 1385 1384
1385 1386 1387
1388 1387 1386
1387 1388 1389
1390 1389 1388
1389 1390 1391
1390 1392 1391
1392 1390 1393
1393 1394 1392
1394 1393 1395
1395 1396 1394
1396 1397 1394
1398 1397 1396
1395 1399 1396
1400 1401 1402
1401 1400 1403
1404 1400 1402
1400 1404 1405
1406 1405 1404
1405 1406 1407
1408 1407 1406
1407 1408 1409
1410 1409 1408
1409 1410 1411
1412 1411 1410
1411 1412 1413
1414 1413 1412
1413 1414 1415
1416 1127 1417
1127 1115 1417
876 138 1065
1064 876 1065
876 1064 874
1064 875 874
875 1064 1066
1066 1418 875
875 1418 871
871 1418 1045
1067 1045 1418
1418 1066 1067
1045 1067 1049
901 898 1034
1034 902 901
902 1034 1035
987 902 1035
1035 986 987
902 987 951
985 951 987
951 985 949
983 949 985
949 983 950
981 950 983
950 981 955
955 981 980
980 957 955
957 980 977
977 960 957
951 903 902
903 951 945
942 903 945
903 942 904
942 909 904
991 1419 989
993 1419 991
989 1419 975
961 975 1419
1070 1091 1071
1070 1420 1091
1070 1421 1420
1422 1423 1424
542 543 1425
1425 543 545
1426 1427 1428
1429 1427 1426
1427 1429 1430
1431 1430 1429
1430 1431 1432
1426 1428 1433
1428 1434 1433
1434 1428 1435
1435 1436 1434
1436 1435 1437
1437 1438 1436
1438 1437 1439
1427 1440 1428
1441 1442 1443
1442 1441 1444
1442 1445 1443
1445 1442 1446
1447 1445 1446
1445 1447 1448
1449 1450 1451
1450 1449 1452
1452 1453 1450
1453 1452 1454
1454 1455 1453
1455 1454 1456
1457 1455 1456
1455 1457 1458
1459 1458 1457
1458 1459 1460
1461 1460 1459
1460 1461 1462
1463 1464 1465
1466 1465 1464
1465 1466 1467
1466 1468 1467
1468 1466 1469
1470 1468 1469
1468 1470 1471
1472 1471 1470
1471 1472 1473
1474 1473 1472
1475 1476 1477
1476 1475 1478
1478 1479 1476
1479 1478 1480
1480 1481 1479
1481 1480 1482
1483 1484 1485
1486 1484 1483
1484 1486 1487
1488 1487 1486
1487 1488 1489
1489 1490 1487
1490 1489 1491
1492 1490 1491
1493 1494 1495
1494 1493 1496
1495 1497 1493
1497 1495 1498
1498 1499 1497
1499 1498 1500
1501 562 1502
562 1501 561
563 1502 562
1502 563 1503
564 1503 563
1503 564 1504
754 1505 1506
1505 754 752
752 1507 1505
1507 752 751
751 1508 1507
1508 751 750
1509 1510 1511
1510 1509 1512
1509 1513 1512
1513 1509 1514
1514 1515 1513
1515 1514 1516
1516 1517 1515
1517 1516 1518
1518 1519 1517
1519 1518 1520
1520 1521 1519
1521 1520 1522
1522 1523 1521
1523 1522 1524
1524 1525 1523
1525 1524 1526
1526 1527 1525
1527 1526 1528
1529 1527 1528
1527 1529 1530
1531 1530 1529
1530 1531 1532
1533 1532 1531
1532 1533 1534
1535 1534 1533
1534 1535 1536
1537 1536 1535
1536 1537 1538
1539 1538 1537
1538 1539 1540
1541 1540 1539
1540 1541 1542
1543 1542 1541
1542 1543 1544
1545 1544 1543
1544 1545 1546
1144 1139 1155
869 1040 868
872 1040 869
1547 1548 1549
1550 1548 1547
1548 321 1549
321 313 1549
1550 1547 1551
1552 1550 1551
1553 1552 1551
1552 1553 1554
1553 1555 1554
1556 1554 1555
1557 1556 1555
1556 1557 1558
1557 1559 1558
1560 1558 1559
1561 1560 1559
1562 1563 1564
1563 1562 1565
1564 1566 1562
1566 1564 1567
1568 1569 1570
1569 1568 1571
1572 1571 1568
1571 1572 1573
883 1174 882
877 882 1174
140 877 1174
1574 1575 1576
1577 1576 1575
1575 1578 1577
1578 1575 1579
1575 1574 1579
1576 1577 1580
1581 1577 1578
1577 1581 1582
1583 1582 1581
1582 1583 1584
1585 1582 1584
1582 1585 1586
1586 1577 1582
1577 1586 1580
1583 1587 1584
1587 1585 1584
1587 1583 1588
1589 1587 1588
1590 1587 1589
1585 1587 1590
1591 1592 1593
1592 1591 1594
1593 1595 1591
1595 1593 1596
1596 1597 1595
1597 1596 1598
1592 1594 1599
1598 1600 1597
1600 1598 1601
1602 1600 1601
1603 1604 1605
1606 1605 1604
1604 1607 1606
1607 1604 1608
1604 1603 1608
1605 1606 1609
1610 1606 1607
1606 1610 1611
1611 1609 1606
1612 1611 1610
1611 1612 1613
1614 1611 1613
1611 1614 1615
1609 1611 1615
1616 1613 1612
1613 1616 1617
1618 1617 1616
1619 1617 1618
1619 1613 1617
1613 1619 1614
1620 1621 1622
1621 1620 1623
1622 1624 1620
1624 1622 1625
1626 1624 1625
1624 1626 1627
1621 1623 1628
1629 1627 1626
1627 1629 1630
1631 1630 1629
1632 1633 1634
1633 1632 1635
1632 1634 1636
1635 1637 1633
1637 1635 1638
1638 1639 1637
1639 1638 1640
1640 1641 1639
1641 1640 1642
1642 1643 1641
1643 1642 1644
1644 1645 1643
1645 1644 1646
1646 1647 1645
1647 1646 1648
1648 1649 1647
1649 1648 1650
1651 1649 1650
1636 1652 1653
1652 1654 1653
1654 1655 1653
1655 1654 1656
1654 1652 1657
1653 1655 1636
1658 1654 1657
1654 1658 1659
1659 1656 1654
1656 1659 1660
1661 1659 1658
1659 1661 1662
1662 1660 1659
1661 1663 1662
1663 1661 1664
1663 1665 1662
1660 1662 1665
1665 1663 1666
1664 1667 1663
1667 1666 1663
1667 1664 1668
1666 1667 1669
1670 1667 1668
1667 1670 1671
1671 1669 1667
1669 1671 1672
1673 1671 1670
1671 1673 1674
1674 1672 1671
1675 1674 1673
1674 1675 1676
1676 1675 1651
1651 1677 1676
1678 1676 1677
1676 1678 1674
1672 1674 1678
1679 1680 1681
1680 1682 1681
1682 1680 1683
1680 1684 1683
1684 1680 1685
1680 1679 1685
1686 1683 1684
1683 1686 1687
1688 1687 1686
1687 1688 1689
1690 1687 1689
1687 1690 1691
1691 1683 1687
1683 1691 1682
1692 1689 1688
1689 1692 1693
1694 1693 1692
1693 1694 1695
1696 1693 1695
1693 1696 1697
1697 1689 1693
1689 1697 1690
1698 1696 1695
1696 1698 1699
1700 1699 1698
1699 1700 1701
1700 1702 1701
1702 1700 1703
1704 1700 1698
1700 1704 1703
1695 1704 1698
1704 1695 1694
1705 1702 1706
1706 1707 1705
1707 1706 1708
1708 1709 1707
1709 1708 1710
1710 1711 1709
1711 1710 1712
1712 1713 1711
1713 1712 1714
1714 1715 1713
1715 1714 1716
1716 1717 1715
1717 1716 1718
1718 1719 1717
1719 1718 1720
1719 1720 1679
1721 1722 1723
1724 1722 1721
1722 1724 1725
1722 1726 1723
1726 1722 1727
1725 1727 1722
1728 1723 1726
1723 1728 1729
1727 1725 1730
1726 1731 1728
1731 1726 1732
1727 1732 1726
1732 1733 1731
1733 1732 1734
1735 1729 1728
1729 1735 1736
1737 1736 1735
1735 1738 1737
1738 1735 1739
1728 1739 1735
1739 1728 1731
1736 1737 1740
1739 1741 1738
1741 1739 1742
1731 1742 1739
1742 1731 1733
1737 1743 1740
1737 1744 1743
1744 1737 1738
1745 1743 1744
1746 1745 1744
1738 1746 1744
1738 1741 1746
1743 1745 1747
1748 1747 1745
1747 1748 1749
1750 1749 1748
1749 1750 1751
1752 1751 1750
1752 1750 1753
1751 1752 1754
1755 1754 1752
1754 1755 1756
1757 1756 1755
1756 1757 1758
1757 1759 1758
1759 1757 1760
1760 1757 1761
1757 1755 1761
1761 1755 1762
1755 1752 1762
1752 1753 1762
1756 1763 1754
1763 1756 1764
1764 1765 1763
1765 1764 1766
1758 1759 1767
1768 1764 1756
1764 1768 1769
1769 1766 1764
1770 1769 1768
1769 1770 1771
1772 1771 1770
1771 1772 1773
1774 1773 1772
1773 1774 1775
1773 1776 1771
1776 1773 1775
1776 1775 1777
1776 1777 1778
1771 1779 1769
1766 1769 1779
1779 1780 1766
1780 1779 1781
1782 1780 1781
1780 1782 1783
1779 1771 1784
1784 1781 1779
1776 1778 1784
1771 1776 1784
1785 1780 1783
1780 1785 1786
1786 1766 1780
1766 1786 1765
1787 1765 1786
1765 1787 1788
1784 1778 1789
1781 1784 1789
1778 1790 1789
1790 1781 1789
1781 1790 1782
1790 1778 1791
1792 1791 1778
1788 1763 1765
1763 1788 1793
1794 1793 1788
1793 1794 1795
1795 1796 1793
1796 1795 1797
1798 1797 1795
1797 1798 1799
1800 1799 1798
1799 1800 1801
1798 1802 1800
1802 1798 1803
1803 1795 1794
1795 1803 1798
1803 1804 1802
1804 1803 1805
1794 1805 1803
1806 1804 1805
1805 1794 1807
1808 1805 1807
1806 1805 1808
1809 1806 1808
1788 1807 1794
1807 1788 1787
1787 1810 1807
1808 1807 1810
1808 1810 1811
1809 1808 1811
1810 1787 1812
1811 1810 1813
1786 1812 1787
1812 1786 1785
1814 1810 1812
1810 1814 1813
1815 1812 1785
1812 1815 1814
1785 1816 1815
1816 1785 1783
1783 1817 1816
1817 1783 1782
1782 1818 1817
1818 1782 1790
1790 1819 1818
1819 1790 1791
1791 1820 1819
1821 1816 1817
1818 1821 1817
1816 1821 1822
1816 1822 1815
1818 1823 1821
1823 1818 1819
1820 1824 1819
1819 1824 1823
1825 1824 1820
1820 1826 1825
1826 1827 1825
1827 1826 1828
1792 1826 1820
1791 1792 1820
1826 1829 1828
1829 1826 1792
1792 1777 1829
1778 1777 1792
1829 1777 1830
1777 1831 1830
1777 1775 1831
1775 1832 1831
1832 1775 1774
1833 1815 1822
1815 1833 1814
1814 1833 1834
1814 1834 1813
1813 1834 1811
1834 1835 1811
1811 1835 1809
1835 1836 1809
1837 1809 1836
1809 1837 1838
1839 1838 1837
1838 1839 1840
1840 1841 1838
1841 1840 1842
1842 1843 1841
1843 1842 1844
1844 1845 1843
1845 1844 1846
1846 1847 1845
1847 1846 1848
1848 1849 1847
1849 1848 1850
1851 1850 1848
1850 1851 1852
1851 1853 1852
1853 1851 1854
1851 1855 1854
1856 1854 1855
1854 1856 1857
1857 1853 1854
1855 1851 1858
1858 1848 1846
1848 1858 1851
1855 1859 1856
1859 1855 1860
1858 1860 1855
1860 1861 1859
1861 1860 1862
1863 1862 1860
1860 1858 1863
1862 1863 1864
1862 1865 1861
1865 1862 1866
1864 1866 1862
1853 1857 1867
1866 1864 1868
1867 1869 1853
1853 1869 1852
1869 1870 1852
1870 1869 1871
1868 1872 1866
1872 1868 1873
1874 1866 1872
1866 1874 1865
1867 1875 1869
1876 1869 1875
1876 1871 1869
1870 1850 1852
1842 1868 1864
1864 1844 1842
1844 1864 1863
1868 1842 1840
1863 1846 1844
1846 1863 1858
1873 1840 1839
1840 1873 1868
1877 1878 1879
1880 1879 1878
1879 1880 1881
1881 1882 1879
1877 1879 1882
1882 1881 1883
1884 1883 1881
1883 1884 1885
1886 1885 1884
1885 1886 1887
1884 1888 1886
1888 1884 1889
1889 1881 1880
1881 1889 1884
1725 1887 1886
1887 1725 1724
1730 1886 1888
1886 1730 1725
1890 1891 1892
1893 1890 1892
1890 1893 1894
1894 1895 1890
1890 1895 1896
1896 1891 1890
1895 1897 1896
1897 1895 1898
1899 1898 1895
1895 1894 1899
1898 1899 1900
1900 1901 1898
1901 1900 1902
1902 1903 1901
1903 1902 1904
1905 1903 1904
1903 1905 1906
1907 1906 1905
1906 1907 1908
1909 1908 1907
1908 1909 1910
1909 1911 1910
1912 1903 1906
1903 1912 1913
1913 1901 1903
1901 1913 1914
1915 1908 1910
1910 1911 1915
1908 1915 1916
1916 1906 1908
1906 1916 1912
1914 1898 1901
1898 1914 1897
1917 1918 1919
1918 1917 1920
1921 1917 1919
1917 1921 1922
1923 1919 1918
1919 1923 1924
1925 1924 1923
1924 1925 1926
1927 1924 1926
1924 1927 1928
1928 1919 1924
1919 1928 1921
1926 1929 1927
1929 1926 1930
1930 1931 1929
1931 1930 1932
1931 1932 1933
1930 1934 1932
1933 1932 1934
1934 1930 1935
1935 1926 1925
1926 1935 1930
1917 1922 1936
1937 1938 1939
1937 1939 1940
1938 1941 1939
1941 1940 1939
1941 1938 1942
1943 1941 1942
1941 1943 1944
1944 1945 1941
1940 1941 1945
1945 1944 1946
1947 1944 1943
1944 1947 1948
1948 1946 1944
1949 1948 1947
1948 1949 1950
1951 1950 1949
1950 1951 1952
1953 1952 1951
1952 1953 1954
1954 1727 1952
1946 1948 1955
1950 1955 1948
1955 1950 1956
1952 1956 1950
1956 1952 1957
1727 1957 1952
1734 1954 1953
1954 1734 1732
1732 1727 1954
1958 1959 1960
1961 1962 1748
1750 1748 1962
1750 1962 1753
1961 1748 1745
1746 1961 1745
1963 1964 1759
1965 1759 1964
1965 1767 1759
1767 1965 1966
1967 1966 1965
1967 1965 1968
1965 1964 1968
1969 1967 1968
1969 1970 1967
1966 1967 1970
1970 1969 1971
1969 1968 1972
1963 1759 1760
1793 1754 1763
1754 1793 1796
1847 1801 1800
1801 1847 1849
1800 1845 1847
1845 1800 1802
1802 1843 1845
1843 1802 1804
1804 1841 1843
1841 1804 1806
1806 1838 1841
1838 1806 1809
1973 1974 1975
1892 1974 1973
1891 1974 1892
1976 1892 1973
1892 1976 1893
1893 1976 1977
1977 1976 1978
1979 1980 1981
1981 1980 1982
1983 1980 1979
1984 1983 1979
1984 1979 1985
1984 1985 1986
1985 1987 1986
1988 1987 1985
1987 1988 1989
1989 1988 1990
1991 1989 1990
1986 1987 1992
1984 1986 1992
1987 1993 1992
1987 1994 1993
1984 1992 1995
1996 1984 1995
1995 1997 1996
1998 1996 1997
1997 1999 1998
1993 1994 2000
1994 2001 2000
2002 2003 2004
2003 2002 2005
2006 2004 2003
2004 2006 2007
2008 2007 2006
2007 2008 2009
2010 2009 2008
2009 2010 2011
2012 2011 2010
2011 2012 2013
2014 2013 2012
2013 2014 2015
2016 2015 2014
2015 2016 2017
2016 2018 2017
2018 2016 2019
2020 2021 2022
2020 2022 2023
2023 2024 2020
2024 2025 2020
2026 2025 2024
2026 2027 2025
2028 2025 2027
2027 2029 2028
2029 2030 2028
2028 2030 2031
2028 2031 2032
2032 2033 2028
2028 2033 2025
2025 2033 2020
2034 2030 2029
2033 2032 2035
2033 2035 2020
2020 2035 2036
2037 2029 2027
2034 2029 2037
2037 2027 2038
2038 2027 2026
2034 2037 2039
2039 2037 2040
2040 2037 2041
2042 2034 2039
2041 2037 2043
2038 2043 2037
2043 2044 2041
2038 2045 2043
2045 2038 2026
2026 2046 2045
2026 2047 2046
2024 2047 2026
2023 2047 2024
2043 2048 2044
2048 2049 2044
2048 2050 2049
2050 2051 2049
2050 2052 2051
2052 2053 2051
2052 2054 2053
2053 2054 2055
2055 2054 2056
2055 2056 2057
2057 2056 2058
2058 2059 2057
2058 2060 2059
2059 2060 2061
2061 2060 2062
2063 2064 2065
2064 2063 2066
2063 2067 2066
2067 2063 2068
2063 2065 2069
2065 2070 2069
2064 2070 2065
2064 2071 2070
2069 2070 2072
2069 2072 2073
2073 2072 2074
2074 2072 2075
2075 2072 2070
2075 2070 2071
2075 2071 2076
2077 2074 2075
2076 2077 2075
2078 2077 2076
2068 2063 2079
2079 2080 2068
2080 2067 2068
2081 2067 2080
2080 2079 2082
2079 2083 2082
2084 2082 2083
2084 2080 2082
2085 2080 2084
2085 2081 2080
2086 2081 2085
2084 2087 2085
2085 2087 2086
2086 2087 2088
2078 2089 2077
2078 2090 2089
2091 2089 2090
2089 2091 2092
2092 2091 2093
2092 2093 2094
2095 2094 2093
2088 2087 2096
2088 2096 2097
2096 2098 2097
2099 2098 2096
2098 2099 2100
2099 2101 2100
2101 2102 2100
2103 2104 2105
2105 2106 2103
2107 2106 2105
2107 2108 2106
2107 2109 2108
2109 2107 2110
2111 2109 2110
2109 2111 2112
2113 2112 2111
2113 2111 2114
2115 2111 2110
2115 2116 2111
2111 2116 2117
2118 2117 2116
2116 2119 2118
2118 2119 2120
2119 2116 2121
2116 2115 2121
2122 2121 2115
2119 2121 2122
2114 2123 2113
2124 2123 2114
2125 2126 2127
2125 2128 2126
2128 2125 2129
2130 2128 2129
2128 2130 2131
2132 2131 2130
2131 2132 2133
2125 2127 2134
2125 2134 2135
2136 2134 2127
2134 2136 2137
2138 2137 2136
2137 2138 2139
2140 2141 2142
2140 2143 2141
2143 2140 2144
2145 2143 2144
2143 2145 2146
2147 2146 2145
2148 2142 2141
2148 2141 2143
2149 2148 2143
2143 2150 2149
2150 2143 2146
2147 2150 2146
2151 2152 2153
2152 2154 2153
2154 2155 2153
2151 2153 2156
2156 2157 2151
2154 2158 2155
2154 2159 2158
2160 2158 2159
2160 2155 2158
2160 2159 2161
2162 2160 2161
2160 2162 2163
2154 2164 2159
2154 2165 2164
2164 2165 2166
2165 2167 2166
2166 2167 2168
2160 2169 2155
2160 2170 2169
2170 2171 2169
2170 2172 2171
2173 2163 2162
2174 2175 2176
2175 2174 2177
2176 2178 2174
2178 2176 2179
2179 2180 2178
2180 2179 2181
2181 2182 2180
2182 2181 2183
2183 2184 2182
2184 2183 2185
2185 2186 2184
2186 2185 2187
2187 2188 2186
2188 2187 2189
2190 2188 2189
2188 2190 2191
2020 2036 2192
2193 2194 2195
2195 2194 2196
2197 2195 2196
2196 2198 2197
2199 2197 2198
2197 2199 2200
2200 2199 2201
2201 2199 2202
2202 2203 2201
2203 2204 2201
2204 2203 2205
2205 2206 2204
2207 2200 2208
2209 2207 2208
2208 2210 2209
2211 2209 2210
2211 2212 2209
2207 2209 2212
2213 2207 2212
2214 2213 2212
2212 2211 2214
2211 2215 2214
2216 2217 2218
2217 2216 2219
2216 2220 2219
2220 2216 2221
2217 2222 2218
2222 2217 2223
2224 2225 2226
2225 2224 2227
2226 2228 2224
2228 2226 2229
2230 2229 2226
2229 2230 2231
2226 2232 2230
2232 2226 2225
2233 2227 2224
2227 2233 2234
2235 2224 2228
2224 2235 2233
2232 2225 2236
2231 2237 2229
2237 2231 2238
2239 2230 2232
2230 2239 2240
2241 2240 2239
2239 2242 2241
2242 2239 2243
2240 2241 2244
2244 2245 2240
2245 2244 2246
2246 2247 2245
2248 2245 2247
2245 2248 2249
2240 2245 2249
2247 2246 2250
2248 2251 2249
2251 2248 2252
2249 2251 2253
2230 2249 2253
2240 2249 2230
2239 2254 2243
2243 2254 2255
2254 2236 2255
2256 2243 2255
2232 2236 2254
2254 2239 2232
2256 2257 2258
2259 2258 2257
2260 2258 2259
2258 2260 2242
2260 2261 2242
2262 2261 2260
2263 2262 2260
2264 2262 2263
2262 2264 2265
2264 2266 2265
2265 2267 2262
2267 2265 2268
2265 2269 2268
2266 2269 2265
2266 2270 2269
2271 2269 2270
2272 2267 2268
2267 2272 2273
2274 2273 2272
2273 2274 2275
2268 2276 2272
2276 2277 2272
2272 2277 2274
2276 2278 2277
2276 2279 2278
2280 2279 2276
2276 2268 2280
2280 2269 2271
2268 2269 2280
2279 2280 2281
2271 2281 2280
2282 2277 2278
2277 2282 2283
2283 2274 2277
2274 2283 2284
2284 2275 2274
2275 2284 2285
2271 2286 2281
2286 2271 2287
2287 2288 2286
2288 2287 2289
2289 2290 2288
2290 2291 2288
2291 2290 2292
2293 2291 2292
2291 2293 2294
2295 2291 2294
2291 2295 2296
2296 2288 2291
2297 2296 2295
2296 2297 2298
2298 2297 2299
2299 2300 2298
2300 2299 2301
2302 2286 2288
2286 2302 2303
2303 2281 2286
2281 2303 2304
2305 2304 2303
2304 2305 2306
2307 2303 2302
2303 2307 2305
2308 2306 2305
2306 2308 2309
2310 2305 2307
2305 2310 2308
2311 2298 2300
2298 2311 2296
2288 2296 2311
2312 2313 2314
2315 2314 2313
2314 2315 2316
2314 2316 2317
2315 2318 2316
2316 2318 2317
2318 2315 2319
2319 2320 2318
2320 2319 2321
2313 2227 2315
2227 2319 2315
2227 2313 2225
2236 2225 2313
2312 2236 2313
2319 2227 2234
2321 2319 2234
2322 2323 2324
2325 2323 2322
2323 2325 2326
2325 2327 2326
2327 2325 2328
2328 2329 2327
2329 2328 2330
2331 2332 2333
2332 2331 2334
2333 2335 2331
2336 2337 2338
2338 2337 2339
2339 2340 2338
2339 2341 2340
2341 2339 2342
2343 2344 2345
2344 2343 2346
2345 2347 2343
2347 2345 2348
2348 2349 2347
2349 2348 2350
2351 2349 2350
2352 2353 2354
2353 2352 2355
2354 2267 2352
2267 2354 2356
2357 2356 2354
2354 2358 2357
2358 2354 2359
2353 2359 2354
2353 2360 2359
2360 2353 2361
2356 2357 2362
2359 2363 2358
2363 2359 2360
2355 2364 2353
2364 2355 2365
2363 2360 2366
2366 2360 2367
2361 2367 2360
2367 2361 2368
2365 2369 2364
2369 2365 2370
2356 2262 2267
2262 2356 2261
2362 2261 2356
2261 2362 2242
2243 2258 2242
2258 2243 2256
2371 2372 2373
2372 2371 2374
2373 2375 2371
2375 2373 2376
2376 2377 2375
2374 2378 2372
2378 2374 2379
2379 2380 2378
2380 2379 2381
2381 2382 2380
2382 2381 2383
2383 2384 2382
2384 2383 2385
2386 2387 2388
2387 2386 2389
2390 2388 2387
2388 2390 2391
2392 2389 2386
2389 2392 2393
2394 2391 2390
2395 2396 2397
2396 2395 2398
2399 2397 2396
2397 2399 2400
2401 2400 2399
2400 2401 2402
2403 2402 2401
2404 2278 2405
2278 2404 2406
2406 2404 2407
2278 2279 2405
2408 2409 2410
2409 2408 2411
2412 2409 2411
2409 2412 2413
2408 2410 2414
2415 2413 2412
2413 2415 2416
2417 2418 2419
2418 2417 2420
2421 2419 2418
2419 2421 2422
2423 2422 2421
2424 2425 2426
2424 2427 2425
2427 2424 2428
2428 2429 2427
2429 2428 2430
2431 2432 2433
2432 2431 2434
2435 2433 2432
2433 2435 2436
2437 2436 2435
2438 2439 2440
2439 2438 2441
2442 2441 2438
2441 2442 2443
2443 2444 2441
2441 2444 2439
2444 2443 2445
2440 2446 2438
2446 2440 2447
2448 2438 2446
2438 2448 2442
2449 2442 2448
2442 2449 2450
2450 2451 2442
2451 2450 2452
2453 2452 2450
2452 2453 2454
2454 2455 2452
2455 2454 2456
2457 2452 2455
2452 2457 2451
2458 2450 2449
2450 2458 2453
2459 2453 2458
2453 2459 2460
2460 2461 2453
2460 2462 2461
2462 2460 2463
2462 2463 2464
2462 2465 2461
2465 2462 2466
2464 2466 2462
2466 2464 2467
2468 2467 2464
2467 2468 2469
2470 2464 2463
2464 2470 2468
2471 2460 2459
2460 2471 2463
2472 2463 2471
2463 2472 2470
2472 2473 2470
2473 2472 2474
2474 2475 2473
2475 2474 2476
2477 2470 2473
2470 2477 2478
2479 2473 2475
2473 2479 2480
2473 2480 2477
2481 2477 2480
2477 2481 2482
2480 2483 2481
2483 2480 2479
2484 2481 2483
2485 2478 2477
2478 2485 2486
2487 2486 2485
2486 2487 2488
2489 2482 2481
2484 2489 2481
2482 2489 2490
2476 2491 2492
2493 2492 2491
2491 2494 2493
2491 2495 2494
2495 2491 2496
2496 2497 2495
2497 2496 2498
2499 2495 2497
2500 2495 2499
2500 2494 2495
2494 2500 2501
2501 2493 2494
2493 2501 2502
2502 2503 2493
2503 2504 2493
2492 2493 2504
2504 2503 2505
2502 2501 2506
2507 2496 2491
2496 2507 2508
2508 2498 2496
2498 2508 2509
2491 2476 2507
2508 2510 2509
2510 2507 2476
2507 2510 2508
2474 2510 2476
2472 2510 2474
2471 2510 2472
2459 2510 2471
2458 2510 2459
2449 2510 2458
2448 2510 2449
2446 2510 2448
2447 2510 2446
2511 2512 2513
2512 2511 2514
2515 2513 2512
2513 2515 2516
2517 2518 2519
2518 2517 2520
2521 2520 2517
2520 2521 2522
2523 2524 2525
2524 2523 2526
2527 2461 2528
2461 2527 2529
2527 2528 2530
2453 2461 2529
2531 2532 2533
2532 2531 2534
2531 2535 2534
2535 2531 2536
2537 2533 2532
2533 2537 2538
2539 2540 2537
2540 2539 2541
2542 2541 2539
2541 2542 2543
2544 2545 2546
2545 2544 2547
2546 2548 2544
2548 2546 2549
2549 2550 2548
2550 2549 2551
2552 2553 2554
2553 2552 2555
2553 2556 2554
2556 2553 2557
2552 2558 2555
2558 2552 2559
2560 2561 2562
2561 2560 2563
2564 2561 2563
2561 2564 2565
2564 2566 2565
2567 2566 2564
2566 2568 2565
2235 2228 2569
2229 2569 2228
2569 2229 2237
2570 2571 2572
2571 2570 2573
2574 2575 2576
2575 2574 2577
2577 2578 2575
2578 2577 2579
2580 2579 2577
2579 2580 2581
2582 2579 2581
2579 2582 2583
2584 2579 2583
2579 2584 2578
2585 2575 2578
2575 2585 2586
2586 2576 2575
2578 2587 2585
2587 2578 2584
2588 2574 2576
2576 2589 2588
2589 2576 2590
2576 2586 2590
2591 2588 2589
2588 2591 2592
2593 2592 2591
2592 2593 2594
2592 2595 2588
2596 2588 2595
2595 2597 2596
2597 2595 2598
2599 2598 2595
2595 2592 2599
2598 2599 2600
2574 2588 2596
2598 2601 2597
2601 2602 2597
2602 2596 2597
2602 2601 2603
2603 2604 2602
2604 2603 2605
2605 2606 2604
2606 2605 2607
2608 2606 2607
2606 2608 2609
2610 2607 2605
2607 2610 2611
2611 2608 2607
2612 2605 2603
2605 2612 2610
2603 2613 2612
2613 2603 2601
2614 2609 2608
2609 2614 2615
2608 2616 2614
2616 2608 2611
2617 2614 2616
2614 2617 2618
2618 2615 2614
2617 2619 2618
2619 2617 2620
2617 2621 2620
2621 2617 2622
2623 2622 2617
2622 2623 2624
2625 2621 2622
2621 2625 2626
2627 2625 2622
2625 2627 2628
2629 2628 2627
2628 2629 2630
2631 2630 2629
2629 2632 2631
2633 2631 2632
2631 2633 2634
2632 2629 2635
2630 2631 2636
2634 2636 2631
2637 2634 2633
2634 2637 2638
2638 2639 2634
2636 2634 2639
2639 2638 2640
2629 2641 2635
2629 2627 2641
2642 2635 2641
2635 2642 2611
2642 2616 2611
2617 2616 2642
2635 2610 2632
2610 2635 2611
2612 2632 2610
2632 2612 2633
2612 2637 2633
2637 2612 2613
2643 2639 2640
2639 2643 2644
2645 2644 2643
2644 2645 2646
2647 2644 2646
2644 2647 2648
2648 2639 2644
2649 2648 2647
2648 2649 2650
2651 2650 2649
2651 2652 2650
2652 2651 2653
2653 2654 2652
2654 2653 2655
2656 2654 2655
2654 2656 2657
2626 2654 2657
2654 2626 2625
2625 2652 2654
2650 2636 2648
2639 2648 2636
2636 2650 2630
2650 2628 2630
2628 2650 2652
2652 2625 2628
2657 2658 2626
2659 2626 2658
2658 2660 2659
2661 2659 2660
2659 2661 2662
2660 2658 2663
2664 2660 2663
2660 2664 2665
2666 2662 2661
2661 2667 2666
2662 2666 2668
2667 2661 2669
2669 2660 2665
2660 2669 2661
2670 2669 2665
2667 2669 2671
2669 2670 2671
2667 2671 2672
2671 2670 2673
2673 2672 2671
2673 2674 2672
2673 2670 2675
2673 2675 2676
2674 2673 2676
2674 2676 2677
2676 2678 2677
2679 2670 2665
2665 2680 2679
2681 2670 2679
2675 2670 2681
2682 2681 2679
2679 2680 2682
2676 2675 2683
2683 2678 2676
2683 2675 2681
2681 2684 2683
2681 2685 2684
2685 2681 2682
2686 2685 2682
2682 2687 2686
2680 2687 2682
2687 2688 2686
2687 2689 2688
2687 2680 2689
2688 2690 2686
2688 2689 2691
2678 2692 2677
2692 2693 2677
2694 2677 2693
2693 2695 2694
2696 2694 2695
2694 2696 2697
2696 2698 2697
2698 2696 2699
2699 2700 2698
2700 2699 2701
2702 2700 2701
2703 2702 2701
2702 2703 2704
2695 2693 2705
2706 2705 2693
2693 2692 2706
2705 2706 2707
2708 2707 2706
2707 2708 2709
2710 2709 2708
2711 2709 2710
2712 2711 2710
2711 2712 2713
2713 2712 2714
2715 2711 2713
2711 2715 2716
2709 2716 2707
2716 2709 2711
2717 2716 2715
2716 2717 2718
2718 2707 2716
2707 2718 2705
2715 2719 2717
2719 2715 2720
2720 2713 2714
2713 2720 2715
2720 2721 2719
2721 2720 2722
2714 2722 2720
2723 2721 2722
2721 2723 2724
2725 2719 2721
2724 2725 2721
2719 2725 2726
2726 2717 2719
2727 2726 2725
2726 2727 2728
2729 2727 2725
2725 2724 2729
2727 2729 2730
2730 2731 2727
2731 2728 2727
2731 2730 2732
2733 2731 2732
2731 2733 2734
2735 2731 2734
2731 2735 2736
2728 2731 2736
2734 2733 2737
2736 2738 2728
2738 2736 2739
2736 2735 2739
2739 2740 2738
2739 2741 2740
2742 2738 2740
2738 2742 2743
2738 2743 2728
2744 2735 2734
2745 2735 2744
2739 2735 2745
2739 2745 2746
2739 2746 2741
2744 2747 2745
2746 2745 2703
2747 2703 2745
2718 2743 2742
2743 2718 2717
2717 2726 2743
2728 2743 2726
2748 2747 2744
2744 2583 2748
2583 2749 2748
2750 2748 2749
2750 2747 2748
2749 2751 2750
2751 2749 2615
2752 2750 2751
2750 2752 2753
2753 2747 2750
2753 2752 2703
2703 2747 2753
2703 2701 2746
2701 2741 2746
2741 2701 2699
2699 2740 2741
2740 2699 2696
2695 2740 2696
2740 2695 2742
2705 2742 2695
2742 2705 2718
2582 2615 2749
2615 2582 2609
2582 2749 2583
2609 2582 2754
2609 2754 2606
2755 2606 2754
2583 2744 2756
2756 2744 2757
2756 2757 2587
2757 2744 2758
2758 2737 2757
2759 2587 2757
2737 2759 2757
2759 2760 2587
2760 2585 2587
2585 2760 2761
2586 2585 2761
2762 2759 2737
2762 2763 2759
2763 2760 2759
2762 2737 2764
2763 2765 2760
2760 2765 2761
2766 2765 2763
2765 2766 2767
2768 2767 2766
2767 2768 2769
2769 2770 2767
2770 2765 2767
2770 2769 2771
2772 2770 2771
2770 2772 2773
2766 2774 2768
2774 2766 2775
2766 2763 2775
2775 2763 2762
2762 2776 2775
2777 2773 2772
2773 2777 2778
2778 2777 2779
2779 2780 2778
2780 2779 2781
2782 2781 2779
2781 2782 2593
2783 2778 2780
2778 2783 2773
2773 2784 2770
2784 2773 2783
2784 2765 2770
2779 2785 2782
2785 2779 2786
2786 2787 2785
2787 2786 2788
2787 2788 2789
2789 2788 2790
2791 2788 2786
2788 2791 2790
2792 2790 2791
2790 2792 2793
2792 2791 2794
2795 2792 2794
2792 2795 2796
2797 2796 2795
2796 2797 2798
2799 2796 2798
2796 2799 2800
2792 2800 2793
2800 2792 2796
2798 2801 2799
2801 2798 2802
2797 2802 2798
2802 2803 2801
2804 2799 2801
2799 2804 2805
2805 2800 2799
2806 2801 2803
2801 2806 2804
2800 2805 2807
2807 2793 2800
2793 2807 2808
2808 2790 2793
2790 2808 2809
2804 2806 2810
2802 2797 2811
2811 2812 2802
2812 2811 2813
2813 2814 2812
2774 2814 2813
2815 2812 2814
2814 2816 2815
2816 2814 2817
2816 2818 2815
2812 2815 2818
2818 2816 2819
2820 2819 2816
2819 2820 2821
2768 2813 2811
2813 2768 2774
2811 2769 2768
2769 2811 2797
2797 2771 2769
2771 2797 2795
2795 2772 2771
2772 2795 2794
2814 2822 2817
2822 2774 2823
2816 2824 2820
2824 2816 2817
2825 2820 2824
2820 2825 2826
2826 2821 2820
2827 2826 2825
2826 2827 2828
2828 2829 2826
2821 2826 2829
2829 2828 2830
2830 2831 2829
2831 2830 2832
2832 2833 2831
2833 2832 2834
2835 2831 2833
2831 2835 2836
2836 2829 2831
2837 2830 2828
2830 2837 2838
2838 2832 2830
2837 2839 2838
2837 2840 2839
2837 2841 2840
2841 2837 2842
2842 2828 2827
2828 2842 2837
2840 2843 2839
2844 2840 2841
2840 2844 2843
2845 2843 2844
2832 2838 2846
2846 2834 2832
2842 2847 2841
2848 2841 2847
2841 2848 2844
2847 2849 2848
2849 2847 2850
2851 2849 2850
2849 2851 2852
2852 2853 2849
2853 2852 2854
2855 2854 2852
2854 2855 2856
2857 2851 2850
2851 2857 2858
2859 2851 2858
2859 2858 2860
2861 2851 2859
2861 2855 2852
2852 2851 2861
2860 2858 2862
2858 2857 2862
2862 2857 2863
2850 2864 2857
2864 2850 2847
2856 2865 2854
2865 2856 2866
2866 2867 2865
2867 2866 2868
2868 2869 2867
2870 2867 2869
2869 2871 2870
2869 2872 2871
2869 2868 2872
2873 2870 2871
2873 2874 2870
2875 2874 2873
2876 2874 2875
2874 2876 2877
2845 2877 2876
2877 2845 2878
2879 2874 2877
2867 2870 2879
2879 2865 2867
2870 2874 2879
2880 2879 2877
2865 2879 2880
2844 2878 2845
2878 2844 2848
2880 2854 2865
2854 2880 2853
2877 2853 2880
2853 2877 2878
2849 2853 2878
2848 2849 2878
2881 2882 2872
2872 2723 2881
2722 2881 2723
2881 2722 2883
2722 2714 2883
2884 2883 2714
2883 2884 2885
2881 2885 2882
2881 2883 2885
2723 2872 2868
2868 2724 2723
2724 2868 2866
2866 2729 2724
2729 2866 2856
2856 2730 2729
2730 2856 2855
2855 2732 2730
2732 2855 2861
2732 2861 2859
2733 2732 2859
2860 2733 2859
2733 2860 2737
2714 2712 2884
2764 2737 2860
2860 2862 2764
2764 2862 2886
2863 2886 2862
2886 2863 2887
2863 2888 2887
2888 2863 2889
2890 2889 2863
2890 2825 2889
2825 2890 2827
2864 2827 2890
2857 2864 2890
2890 2863 2857
2827 2864 2842
2864 2847 2842
2889 2824 2888
2824 2889 2825
2817 2888 2824
2888 2817 2822
2822 2887 2888
2887 2822 2823
2887 2776 2886
2776 2887 2823
2823 2775 2776
2775 2823 2774
2814 2774 2822
2762 2886 2776
2764 2886 2762
2891 2892 2893
2892 2891 2894
2895 2893 2892
2893 2895 2896
2896 2663 2893
2663 2891 2893
2663 2896 2664
2689 2664 2896
2664 2689 2680
2665 2664 2680
2891 2663 2658
2896 2691 2689
2691 2896 2895
2658 2657 2891
2657 2894 2891
2894 2657 2656
2594 2897 2898
2897 2899 2898
2899 2897 2900
2600 2898 2899
2600 2899 2901
2598 2600 2901
2598 2901 2601
2601 2901 2613
2901 2902 2613
2613 2902 2637
2902 2638 2637
2638 2902 2903
2903 2640 2638
2904 2640 2903
2640 2904 2643
2905 2643 2904
2643 2905 2645
2904 2906 2905
2906 2904 2907
2906 2907 2908
2909 2908 2907
2904 2909 2907
2909 2904 2903
2902 2909 2903
2908 2909 2910
2911 2910 2909
2909 2902 2911
2910 2911 2912
2912 2913 2910
2914 2910 2913
2910 2914 2915
2910 2915 2908
2913 2912 2916
2917 2916 2912
2916 2917 2918
2917 2919 2918
2917 2920 2919
2921 2912 2911
2912 2921 2917
2911 2901 2921
2922 2921 2901
2922 2920 2917
2923 2921 2922
2922 2900 2920
2901 2911 2902
2922 2899 2900
2901 2899 2922
2924 2925 2926
2927 2926 2925
2928 2927 2925
2928 2925 2929
2928 2930 2927
2930 2926 2927
2930 2931 2926
2932 2930 2928
2933 2931 2930
2932 2933 2930
2931 2933 2934
2935 2934 2933
2934 2935 2936
2933 2937 2935
2937 2933 2938
2933 2932 2938
2939 2936 2935
2936 2939 2940
2941 2940 2939
2940 2941 2942
2939 2943 2941
2943 2939 2944
2935 2944 2939
2944 2935 2937
2945 2942 2941
2943 2945 2941
2942 2945 2946
2945 2947 2946
2947 2945 2948
2949 2948 2945
2945 2943 2949
2948 2949 2950
2951 2952 2953
2952 2951 2954
2955 2953 2952
2953 2955 2956
2957 2956 2955
2956 2957 2958
2957 2959 2958
2959 2957 2960
2960 2961 2959
2961 2960 2962
2963 2954 2951
2954 2963 2964
2965 2961 2962
2961 2965 2966
2967 2966 2965
2966 2967 2968
2969 2968 2967
2968 2969 2970
2971 2970 2969
2970 2971 2972
2973 2972 2971
2972 2973 2974
2975 2974 2973
2974 2975 2976
2977 2976 2975
2976 2977 2978
2977 2979 2978
2979 2977 2980
2981 2979 2980
2979 2981 2982
2983 2982 2981
2984 2983 2981
2985 2983 2984
2984 2986 2985
2987 2985 2986
2988 2989 2990
2988 2990 2991
2988 2991 2992
2990 2989 2993
2989 2994 2993
2993 2994 2995
2996 2995 2994
2996 2997 2995
2998 2997 2996
2999 2997 2998
2998 2963 2999
2963 2998 3000
2991 3001 2992
3001 2991 3002
3002 3003 3001
3003 3002 3004
3004 3005 3003
3005 3004 3006
3006 3007 3005
3007 3006 3008
3008 3009 3007
3009 3008 3010
3010 3011 3009
3011 3010 3012
3013 3011 3012
3014 3013 3012
3013 3014 3015
3014 3016 3015
3015 3016 3017
3017 3016 3018
3019 3017 3018
3020 3021 3022
3021 3020 3023
3024 3023 3020
3023 3024 3025
3026 3022 3021
3022 3026 3027
3024 3028 3025
3028 3024 3029
3030 3027 3026
3027 3030 3031
3032 3031 3030
3031 3032 3033
3034 3033 3032
3033 3034 3035
3036 3035 3034
3035 3036 3037
3038 3037 3036
3037 3038 3039
3040 3028 3029
3040 3041 3028
3038 3042 3039
3042 3038 3043
3043 3044 3042
3044 3043 3045
3045 3046 3044
3046 3047 3044
3048 3047 3046
3048 3049 3047
3049 3048 3050
3051 3049 3050
3052 3051 3050
3051 3052 3053
3053 3052 3054
3054 3052 3055
3055 3056 3054
3057 3058 3041
3058 3057 3059
3059 3060 3058
3060 3059 3061
3061 3062 3060
3062 3061 3063
3064 3065 3066
3065 3064 3067
2836 3067 3064
3067 2836 2835
3064 2821 2836
2829 2836 2821
2821 3064 2819
3066 2819 3064
2819 3066 2818
2812 2818 3066
3066 3068 2812
3065 3068 3066
3069 2577 2574
2577 3069 2580
2596 3069 2574
2602 3069 2596
3069 2602 2580
2602 2604 2580
2580 2604 2606
3070 3071 3072
3071 3070 3073
3072 3074 3070
3074 3072 3075
3076 3070 3074
3070 3076 3077
3077 3073 3070
3078 3077 3076
3077 3078 3079
3079 3080 3077
3073 3077 3080
3080 3079 3081
3082 3081 3079
3081 3082 3083
3082 3084 3083
3084 3082 3085
3082 3086 3085
3086 3082 3087
3087 3079 3078
3079 3087 3082
3085 3088 3084
3088 3085 3089
3086 3089 3085
3089 3090 3088
3090 3089 3091
3089 3092 3091
3092 3089 3093
3089 3086 3093
3094 3090 3091
3091 3092 3094
3090 3094 3095
3095 3094 3096
3094 3092 3097
3094 3097 3098
3098 3096 3094
3099 3096 3098
3095 3096 3099
3100 3101 3102
3101 3100 3103
3102 3104 3100
3104 3102 3105
3105 3106 3104
3106 3105 3107
3107 3108 3106
3108 3107 3109
3109 3110 3108
3110 3109 3111
3112 3110 3111
3110 3112 3113
3114 3113 3112
3113 3114 3115
3115 3114 3116
3116 3114 3117
3118 3116 3117
3115 3116 3119
3120 3121 3122
3121 3120 3123
3120 3124 3123
3124 3120 3125
3125 3126 3124
3126 3125 3127
3127 3128 3126
3128 3127 3129
3129 3130 3128
3130 3129 3131
3131 3132 3130
3132 3131 3133
3133 3134 3132
3134 3133 3135
3136 3137 2846
2834 2846 3137
2591 2781 2593
2591 2780 2781
2780 2591 2589
2590 2780 2589
2780 2590 2783
3138 2783 2590
2590 2586 3138
2586 2761 3138
2761 2784 3138
2783 3138 2784
2784 2761 2765
2615 2618 2751
2619 2751 2618
2751 2619 2752
2619 2704 2752
2752 2704 2703
2704 2619 2668
2668 2702 2704
2702 2668 2666
2666 2700 2702
2700 2666 2667
2667 2698 2700
2698 2667 2672
2672 2697 2698
2674 2697 2672
2697 2674 2694
2677 2694 2674
2620 2668 2619
2668 2620 2662
2620 2659 2662
2659 2620 2621
2626 2659 2621
2708 2706 3139
2710 2708 3139
2706 2692 3139
2678 3139 2692
2789 2790 2809
2789 2809 3140
2789 3140 3141
3142 3143 3144
2263 3145 2264
3145 2266 2264
3146 3147 3148
3148 3149 3146
3149 3148 3150
3150 3151 3149
3151 3150 3152
3146 3153 3147
3154 3147 3153
3147 3154 3155
3156 3155 3154
3155 3156 3157
3158 3157 3156
3157 3158 3159
3148 3147 3160
3161 3162 3163
3162 3161 3164
3165 3161 3163
3161 3165 3166
3165 3167 3166
3167 3165 3168
3169 3170 3171
3170 3169 3172
3173 3172 3169
3172 3173 3174
3175 3174 3173
3174 3175 3176
3175 3177 3176
3177 3175 3178
3178 3179 3177
3179 3178 3180
3180 3181 3179
3181 3180 3182
3183 3184 3185
3184 3186 3185
3186 3184 3187
3188 3186 3187
3186 3188 3189
3188 3190 3189
3190 3188 3191
3191 3192 3190
3192 3191 3193
3194 3192 3193
3195 3196 3197
3196 3195 3198
3199 3197 3196
3197 3199 3200
3201 3200 3199
3200 3201 3202
3203 3204 3205
3205 3206 3203
3206 3205 3207
3208 3206 3207
3207 3209 3208
3210 3209 3207
3209 3210 3211
3212 3211 3210
3213 3214 3215
3214 3213 3216
3217 3216 3213
3216 3217 3218
3219 3218 3217
3218 3219 3220
2283 3221 3222
3221 2283 2282
3222 2284 2283
2284 3222 3223
3223 2285 2284
2285 3223 3224
2469 3225 2467
3225 2469 3226
3227 2467 3225
2467 3227 2466
3228 2466 3227
2466 3228 2465
3229 3230 3231
3230 3229 3232
3233 3230 3232
3230 3233 3234
3235 3234 3233
3234 3235 3236
3237 3236 3235
3236 3237 3238
3239 3238 3237
3238 3239 3240
3241 3240 3239
3240 3241 3242
3243 3242 3241
3242 3243 3244
3245 3244 3243
3244 3245 3246
3247 3246 3245
3246 3247 3248
3247 3249 3248
3249 3247 3250
3250 3251 3249
3251 3250 3252
3252 3253 3251
3253 3252 3254
3254 3255 3253
3255 3254 3256
3256 3257 3255
3257 3256 3258
3258 3259 3257
3259 3258 3260
3260 3261 3259
3261 3260 3262
3262 3263 3261
3263 3262 3264
3264 3265 3263
3265 3264 3266
2871 2872 2882
3267 2287 2271
3267 3268 2287
3269 2287 3268
3270 2287 3269
2287 3270 2289
3271 2289 3270
2289 3271 2290
2292 2290 3271
3272 2293 2292
2584 2583 2756
2587 2584 2756
3273 3274 3275
3276 3273 3275
3275 3274 2042
2042 3274 2034
3276 3277 3273
3278 3277 3276
3279 3277 3278
3278 3280 3279
3279 3280 3281
3282 3281 3280
3283 3281 3282
3282 3284 3283
3283 3284 3285
3286 3285 3284
3287 3285 3286
2758 2744 2734
2734 2737 2758
3288 3289 3290
3289 3288 3291
3292 3291 3288
3291 3292 3293
3294 3295 3296
3295 3294 3297
3297 3298 3295
3298 3297 3299
2898 2600 2599
2592 2898 2599
2594 2898 2592
3300 3301 3302
3301 3303 3302
3304 3302 3303
3302 3304 3305
3302 3305 3300
3303 3301 3306
3303 3307 3304
3307 3303 3308
3308 3309 3307
3309 3308 3310
3308 3311 3310
3311 3308 3312
3312 3303 3306
3303 3312 3308
3313 3309 3310
3311 3313 3310
3309 3313 3314
3315 3314 3313
3316 3315 3313
3313 3311 3316
3317 3318 3319
3318 3317 3320
3321 3319 3318
3319 3321 3322
3323 3322 3321
3322 3323 3324
3317 3325 3320
3326 3324 3323
3324 3326 3327
3328 3327 3326
3329 3330 3331
3330 3332 3331
3333 3331 3332
3331 3333 3334
3331 3334 3329
3332 3330 3335
3332 3336 3333
3336 3332 3337
3335 3337 3332
3337 3338 3336
3338 3337 3339
3337 3340 3339
3340 3337 3341
3337 3335 3341
3339 3342 3338
3342 3339 3343
3344 3342 3343
3345 3344 3343
3345 3339 3340
3339 3345 3343
3346 3347 3348
3347 3346 3349
3350 3348 3347
3348 3350 3351
3350 3352 3351
3352 3350 3353
3346 3354 3349
3353 3355 3352
3355 3353 3356
3357 3355 3356
3358 3359 3360
3359 3358 3361
3358 3362 3361
3363 3360 3359
3360 3363 3364
3365 3364 3363
3364 3365 3366
3367 3366 3365
3366 3367 3368
3369 3368 3367
3368 3369 3370
3371 3370 3369
3370 3371 3372
3373 3372 3371
3372 3373 3374
3375 3374 3373
3374 3375 3376
3377 3376 3375
3362 3378 3379
3380 3379 3378
3381 3380 3378
3380 3381 3382
3379 3380 3383
3378 3362 3381
3380 3384 3383
3384 3380 3385
3382 3385 3380
3385 3382 3386
3385 3387 3384
3387 3385 3388
3386 3388 3385
3389 3387 3388
3387 3389 3390
3391 3389 3388
3388 3386 3391
3389 3391 3392
3393 3390 3389
3392 3393 3389
3390 3393 3394
3393 3392 3395
3393 3396 3394
3396 3393 3397
3395 3397 3393
3397 3395 3398
3397 3399 3396
3399 3397 3400
3398 3400 3397
3400 3401 3399
3401 3400 3402
3402 3377 3401
3377 3402 3403
3404 3402 3400
3402 3404 3403
3400 3398 3404
3405 3406 3407
3408 3407 3406
3407 3408 3409
3410 3407 3409
3407 3410 3411
3407 3411 3405
3409 3412 3410
3412 3409 3413
3413 3414 3412
3414 3413 3415
3413 3416 3415
3416 3413 3417
3417 3409 3408
3409 3417 3413
3415 3418 3414
3418 3415 3419
3419 3420 3418
3420 3419 3421
3419 3422 3421
3422 3419 3423
3423 3415 3416
3415 3423 3419
3422 3424 3421
3424 3422 3425
3425 3426 3424
3426 3425 3427
3426 3427 3428
3428 3429 3426
3426 3430 3424
3430 3426 3429
3421 3430 3420
3430 3421 3424
3431 3432 3428
3433 3432 3431
3432 3433 3434
3435 3434 3433
3434 3435 3436
3437 3436 3435
3436 3437 3438
3439 3438 3437
3438 3439 3440
3441 3440 3439
3440 3441 3442
3443 3442 3441
3442 3443 3444
3445 3444 3443
3444 3445 3446
3445 3405 3446
3447 3448 3449
3448 3447 3450
3449 3451 3447
3451 3449 3452
3453 3449 3448
3449 3453 3454
3454 3452 3449
3455 3454 3453
3454 3455 3456
3455 3457 3456
3457 3455 3458
3458 3459 3457
3459 3458 3460
3457 3461 3456
3461 3457 3462
3459 3462 3457
3463 3456 3461
3456 3463 3454
3452 3454 3463
3462 3459 3464
3465 3459 3460
3459 3465 3466
3466 3464 3459
3464 3466 3467
3468 3466 3465
3466 3468 3469
3469 3468 3470
3469 3470 3471
3471 3466 3469
3466 3471 3467
3472 3473 3474
3473 3472 3475
3474 3476 3472
3476 3474 3477
3477 3478 3476
3475 3479 3473
3479 3475 3480
3480 3481 3479
3481 3480 3482
3482 3483 3481
3483 3482 3484
3484 3485 3483
3485 3484 3486
3486 3487 3485
3487 3486 3488
3489 3487 3488
3490 3491 3492
3491 3490 3493
3492 3494 3490
3494 3492 3495
3496 3492 3491
3492 3496 3497
3496 3498 3497
3498 3496 3499
3500 3497 3498
3497 3500 3501
3501 3492 3497
3492 3501 3495
3498 3502 3500
3502 3498 3503
3499 3503 3498
3503 3504 3502
3504 3503 3505
3506 3505 3503
3503 3499 3506
3505 3506 3507
3505 3508 3504
3508 3505 3509
3507 3509 3505
3510 3508 3509
3511 3510 3509
3509 3507 3511
3510 3511 3512
3512 3513 3510
3513 3512 3514
3514 3515 3513
3515 3514 3516
3513 3517 3510
3508 3510 3517
3517 3513 3518
3515 3518 3513
3518 3515 3519
3516 3520 3515
3520 3519 3515
3520 3516 3521
3519 3520 3522
3521 3523 3520
3523 3522 3520
3523 3521 3524
3523 3524 3525
3523 3525 3526
3522 3523 3526
3527 3528 3529
3528 3527 3530
3529 3531 3527
3531 3529 3532
3532 3533 3531
3530 3534 3528
3534 3530 3535
3536 3534 3535
3534 3536 3537
3538 3537 3536
3537 3538 3539
3540 3539 3538
3539 3540 3541
3542 3541 3540
3541 3542 3543
3544 3543 3542
3543 3544 3545
3546 3545 3544
3545 3546 3547
3548 3547 3546
3547 3548 3549
3548 3550 3549
3550 3548 3551
3552 3550 3551
3553 3554 3555
3554 3553 3556
3554 3556 3557
3555 3558 3553
3558 3555 3559
3559 3560 3558
3560 3559 3561
3561 3562 3560
3562 3561 3563
3563 3564 3562
3564 3563 3565
3565 3566 3564
3566 3565 3567
3558 3560 3568
3560 3562 3568
3562 3564 3569
3562 3569 3568
3564 3566 3570
3564 3570 3569
3556 3571 3557
3572 3557 3571
3572 3571 3573
3572 3573 3574
3573 3575 3574
3575 3573 3576
3576 3573 3577
3578 3577 3573
3578 3573 3571
3578 3579 3577
3580 3577 3579
3577 3580 3581
3581 3576 3577
3582 3581 3580
3581 3582 3583
3583 3584 3581
3575 3576 3584
3576 3581 3584
3584 3583 3585
3584 3586 3575
3585 3586 3584
3586 3585 3587
3585 3583 3588
3582 3588 3583
3588 3589 3585
3589 3588 3590
3590 3591 3589
3591 3590 3592
3593 3590 3588
3588 3582 3593
3590 3593 3594
3594 3592 3590
3595 3594 3593
3594 3595 3596
3597 3596 3595
3596 3597 3598
3598 3599 3596
3599 3598 3600
3597 3601 3598
3601 3600 3598
3601 3597 3602
3596 3603 3594
3603 3596 3599
3592 3594 3603
3597 3604 3602
3604 3597 3605
3595 3605 3597
3605 3606 3604
3606 3605 3607
3608 3606 3607
3606 3608 3609
3605 3610 3607
3610 3605 3611
3605 3595 3611
3593 3611 3595
3611 3593 3582
3582 3610 3611
3607 3612 3608
3612 3607 3610
3612 3610 3580
3580 3610 3582
3579 3612 3580
3612 3579 3613
3613 3608 3612
3608 3613 3614
3614 3609 3608
3609 3614 3615
3609 3616 3606
3616 3604 3606
3604 3616 3617
3616 3618 3617
3619 3617 3618
3617 3619 3620
3617 3620 3604
3618 3621 3619
3621 3618 3622
3618 3623 3622
3623 3618 3624
3618 3616 3624
3625 3621 3622
3621 3625 3626
3627 3626 3625
3626 3627 3628
3629 3623 3624
3623 3629 3630
3631 3622 3623
3622 3631 3625
3632 3625 3631
3625 3632 3627
3633 3627 3632
3632 3634 3633
3634 3632 3635
3631 3635 3632
3627 3633 3636
3636 3628 3627
3637 3636 3633
3636 3637 3638
3639 3638 3637
3638 3639 3640
3641 3640 3639
3640 3641 3642
3643 3630 3629
3630 3643 3644
3644 3645 3630
3645 3644 3646
3647 3646 3644
3646 3647 3648
3644 3649 3647
3649 3644 3643
3650 3645 3646
3645 3650 3651
3652 3651 3650
3651 3652 3653
3654 3646 3648
3646 3654 3650
3655 3650 3654
3650 3655 3652
3656 3652 3655
3652 3656 3657
3657 3653 3652
3656 3658 3657
3653 3657 3659
3659 3657 3660
3660 3657 3658
3658 3661 3660
3661 3658 3662
3660 3663 3659
3663 3664 3659
3665 3664 3663
3660 3666 3663
3654 3667 3655
3667 3654 3668
3648 3668 3654
3668 3648 3669
3648 3670 3669
3670 3648 3647
3649 3670 3647
3670 3649 3570
3662 3671 3661
3671 3662 3672
3649 3569 3570
3569 3649 3673
3643 3673 3649
3673 3643 3674
3629 3674 3643
3674 3629 3675
3624 3675 3629
3675 3624 3616
3616 3609 3675
3615 3675 3609
3675 3615 3674
3674 3676 3673
3676 3674 3615
3676 3569 3673
3615 3677 3676
3677 3615 3614
3614 3678 3677
3678 3614 3613
3613 3679 3678
3679 3613 3579
3579 3578 3679
3571 3679 3578
3679 3571 3556
3556 3678 3679
3678 3556 3553
3553 3677 3678
3677 3553 3558
3558 3676 3677
3676 3558 3568
3569 3676 3568
3680 3681 3570
3566 3680 3570
3566 3682 3683
3682 3684 3683
3684 3685 3683
3566 3567 3682
3686 3682 3567
3687 3686 3567
3686 3688 3682
3688 3684 3682
3685 3684 3689
3689 3684 3688
3690 3685 3689
3689 3691 3690
3691 3689 3692
3692 3693 3691
3693 3692 3694
3694 3695 3693
3695 3694 3696
3696 3697 3695
3697 3696 3698
3698 3699 3697
3699 3698 3700
3700 3701 3699
3701 3700 3702
3703 3702 3700
3702 3703 3704
3704 3705 3702
3705 3701 3702
3705 3704 3706
3706 3707 3705
3707 3706 3708
3701 3705 3709
3707 3709 3705
3700 3710 3703
3710 3700 3698
3711 3707 3708
3707 3711 3712
3713 3712 3711
3712 3713 3714
3712 3715 3707
3709 3707 3715
3715 3712 3716
3714 3716 3712
3716 3714 3717
3718 3717 3714
3717 3718 3719
3714 3720 3718
3720 3714 3713
3721 3719 3718
3719 3721 3722
3723 3722 3721
3722 3723 3724
3721 3725 3723
3726 3723 3725
3726 3724 3723
3725 3721 3727
3727 3718 3720
3718 3727 3721
3728 3729 3730
3730 3731 3728
3731 3730 3732
3730 3733 3732
3733 3730 3734
3734 3730 3729
3735 3729 3728
3729 3735 3736
3737 3736 3735
3736 3737 3738
3739 3738 3737
3738 3739 3740
3734 3729 3741
3733 3734 3741
3742 3731 3732
3731 3742 3743
3744 3743 3742
3743 3744 3745
3742 3746 3744
3747 3744 3746
3744 3747 3748
3748 3745 3744
3748 3747 3749
3748 3749 3750
3746 3742 3751
3732 3751 3742
3751 3732 3733
3752 3750 3749
3750 3752 3753
3754 3753 3752
3753 3754 3755
3753 3755 3756
3750 3753 3756
3756 3748 3750
3745 3748 3756
3754 3757 3755
3757 3754 3758
3759 3755 3757
3755 3759 3756
3757 3760 3759
3759 3760 3761
3761 3756 3759
3760 3757 3762
3758 3762 3757
3762 3758 3763
3756 3761 3745
3762 3764 3760
3764 3762 3763
3765 3766 3767
3766 3765 3768
3765 3769 3768
3770 3767 3766
3767 3770 3771
3772 3771 3770
3771 3772 3773
3774 3773 3772
3773 3774 3775
3776 3775 3774
3775 3776 3777
3778 3777 3776
3777 3778 3779
3770 3780 3772
3772 3780 3774
3780 3781 3774
3774 3781 3776
3781 3782 3776
3776 3782 3778
3768 3769 3783
3784 3783 3769
3784 3785 3783
3784 3786 3785
3785 3786 3787
3591 3785 3787
3592 3785 3591
3785 3592 3788
3785 3788 3783
3603 3788 3592
3788 3603 3789
3789 3783 3788
3599 3789 3603
3789 3599 3790
3600 3790 3599
3790 3600 3791
3792 3791 3600
3791 3792 3793
3794 3793 3792
3793 3794 3795
3796 3795 3794
3794 3797 3796
3798 3796 3797
3796 3798 3799
3800 3799 3798
3799 3800 3801
3801 3802 3799
3802 3801 3803
3804 3801 3800
3801 3804 3805
3804 3806 3805
3806 3804 3807
3806 3808 3805
3801 3805 3808
3808 3803 3801
3808 3806 3809
3807 3810 3806
3806 3810 3809
3810 3807 3811
3811 3812 3810
3812 3811 3813
3813 3814 3812
3814 3813 3815
3816 3814 3815
3803 3817 3802
3817 3803 3818
3819 3812 3814
3812 3819 3820
3820 3810 3812
3821 3814 3816
3814 3821 3819
3822 3821 3816
3815 3822 3816
3821 3822 3823
3810 3820 3824
3810 3824 3809
3825 3823 3822
3815 3825 3822
3823 3825 3826
3803 3827 3818
3827 3803 3828
3828 3829 3827
3829 3828 3830
3830 3831 3829
3831 3830 3832
3832 3833 3831
3833 3832 3834
3835 3834 3832
3834 3835 3836
3834 3836 3837
3834 3838 3833
3838 3834 3839
3834 3837 3839
3837 3840 3839
3840 3837 3841
3842 3840 3841
3840 3842 3843
3843 3839 3840
3839 3843 3838
3828 3809 3830
3832 3809 3835
3809 3832 3830
3836 3844 3837
3837 3844 3845
3845 3846 3837
3846 3845 3847
3848 3847 3845
3844 3848 3845
3847 3848 3849
3809 3828 3808
3803 3808 3828
3850 3851 3852
3851 3850 3853
3854 3850 3852
3850 3854 3855
3855 3856 3850
3856 3853 3850
3856 3855 3857
3854 3858 3855
3858 3854 3859
3860 3855 3858
3855 3860 3857
3852 3861 3854
3861 3852 3862
3862 3863 3861
3863 3862 3864
3864 3865 3863
3865 3864 3866
3862 3867 3864
3867 3862 3868
3869 3864 3867
3864 3869 3866
3866 3870 3865
3866 3869 3870
3852 3868 3862
3868 3852 3851
3859 3871 3858
3871 3859 3872
3873 3861 3863
3861 3873 3874
3874 3854 3861
3854 3874 3859
3869 3875 3870
3868 3876 3867
3876 3868 3877
3851 3877 3868
3867 3878 3869
3878 3867 3876
3877 3851 3879
3853 3879 3851
3879 3853 3880
3881 3879 3880
3879 3881 3882
3882 3883 3879
3883 3882 3884
3885 3884 3882
3884 3885 3886
3884 3887 3883
3887 3884 3888
3886 3888 3884
3888 3889 3887
3889 3888 3890
3891 3890 3888
3888 3886 3891
3890 3891 3892
3893 3890 3892
3890 3893 3894
3894 3889 3890
3889 3894 3895
3896 3894 3893
3894 3896 3897
3898 3895 3894
3895 3898 3899
3900 3899 3898
3899 3900 3901
3897 3896 3902
3903 3897 3902
3904 3903 3902
3905 3903 3904
3905 3906 3903
3904 3902 3907
3896 3907 3902
3908 3904 3907
3904 3908 3909
3901 3900 3910
3910 3911 3901
3911 3912 3901
3905 3913 3906
3914 3915 3916
3917 3915 3914
3915 3917 3918
3917 3881 3918
3880 3918 3881
3918 3880 3919
3881 3917 3920
3921 3916 3915
3921 3918 3919
3918 3921 3915
3916 3921 3922
3922 3921 3923
3924 3922 3923
3922 3924 3925
3924 3926 3925
3925 3927 3922
3927 3925 3928
3923 3857 3924
3857 3923 3856
3860 3924 3857
3924 3860 3926
3923 3929 3856
3929 3923 3921
3921 3919 3929
3853 3856 3929
3853 3919 3880
3919 3853 3929
3860 3930 3926
3858 3930 3860
3930 3858 3871
3931 3922 3927
3922 3931 3916
3930 3932 3926
3932 3930 3933
3934 3933 3930
3930 3871 3934
3935 3926 3932
3926 3935 3925
3935 3928 3925
3928 3935 3936
3872 3934 3871
3934 3872 3937
3937 3872 3938
3937 3939 3934
3934 3939 3933
3939 3937 3940
3941 3940 3937
3937 3938 3941
3940 3941 3942
3941 3943 3942
3943 3941 3944
3941 3945 3944
3945 3941 3946
3938 3946 3941
3947 3944 3945
3944 3947 3948
3947 3949 3948
3949 3947 3950
3950 3951 3949
3951 3950 3952
3952 3950 3953
3954 3952 3953
3944 3955 3943
3955 3944 3948
3948 3956 3955
3956 3948 3949
3957 3956 3949
3951 3957 3949
3951 3958 3957
3958 3951 3959
3960 3957 3958
3957 3960 3961
3957 3961 3956
3962 3951 3952
3963 3962 3952
3952 3964 3963
3965 3966 3967
3966 3965 3968
3969 3968 3965
3968 3969 3875
3875 3970 3968
3970 3875 3971
3972 3966 3968
3970 3972 3968
3869 3971 3875
3971 3869 3878
3972 3970 3973
3875 3969 3870
3870 3974 3975
3974 3976 3975
3976 3974 3977
3977 3978 3976
3978 3977 3979
3870 3975 3865
3975 3980 3865
3975 3981 3980
3981 3975 3982
3983 3981 3982
3981 3983 3984
3985 3873 3986
3873 3985 3987
3863 3986 3873
3986 3863 3988
3988 3989 3986
3989 3988 3990
3990 3991 3989
3991 3990 3992
3992 3993 3991
3993 3992 3994
3987 3874 3873
3874 3987 3995
3996 3986 3989
3986 3996 3985
3997 3989 3991
3989 3997 3996
3998 3991 3993
3991 3998 3997
3995 3938 3874
3938 3859 3874
3938 3872 3859
3882 3920 3885
3882 3881 3920
3999 4000 4001
4000 3999 4002
4003 4002 3999
4002 4003 3797
4004 4002 3797
4002 4004 4005
4001 4006 3999
4006 4001 4007
4008 3999 4006
3999 4008 4003
4006 4009 4008
4009 4006 4010
4007 4010 4006
4010 4011 4009
4011 4010 4012
4012 4013 4011
4013 4012 4014
4014 4015 4013
4015 4014 4016
4017 4016 4014
4016 4017 4018
4018 4019 4016
4019 4018 4020
4016 4019 4021
4021 4015 4016
4020 4022 4019
4022 4020 4023
4024 4019 4022
4019 4024 4021
4015 4021 4025
4021 4026 4025
4026 4021 4024
4027 4014 4012
4014 4027 4017
4028 4017 4027
4027 4029 4028
4029 4027 4030
4007 4029 4030
3626 4029 4007
4001 3626 4007
3626 4001 3621
4000 3621 4001
3621 4000 3619
4031 3619 4000
4002 4031 4000
4031 4002 4005
4005 3602 4031
3602 4005 3601
3601 4005 4004
4004 3792 3601
3600 3601 3792
3792 4004 3794
3797 3794 4004
3602 3620 4031
3619 4031 3620
3620 3602 3604
3797 4003 3798
3798 4003 4008
4032 4033 4034
3589 3787 4035
4035 3585 3589
3587 3585 4035
3591 3787 3589
4036 4037 4038
4037 4036 4039
4040 4038 4037
4038 4040 4041
4028 4041 4040
4041 4028 4042
4036 4043 4039
4043 4036 4044
4029 4042 4028
4042 4029 3628
4029 3626 3628
4042 4045 4041
4046 4041 4045
4041 4046 4047
4046 4048 4047
4048 4046 4049
3628 3636 4050
3636 4051 4050
4051 3636 3638
3638 4052 4051
4052 3638 3640
3642 4052 3640
4052 3642 4053
3642 4054 4053
4054 3642 3641
3641 4055 4054
4055 3641 4056
3639 4056 3641
4056 3639 4057
3637 4057 3639
4057 3637 4058
3633 4058 3637
4058 3633 3634
3799 3802 4059
3799 4059 3796
3795 3796 4059
3802 3782 4059
3782 3802 3817
3781 4059 3782
4059 3781 3795
3780 3795 3781
3795 3780 3793
3770 3793 3780
3793 3770 3791
3766 3791 3770
3791 3766 3790
3768 3790 3766
3790 3768 3789
3783 3789 3768
4060 3782 4061
3782 4060 3778
3778 4062 4063
4063 4062 4064
4064 4062 4065
3778 4063 3779
4066 3779 4063
4067 3779 4066
4066 4063 4068
4068 4063 4064
4065 4069 4064
4069 4068 4064
4070 4069 4065
4071 4069 4070
4069 4071 4072
4073 4072 4071
4072 4073 4074
4075 4074 4073
4074 4075 4076
4077 4076 4075
4076 4077 4078
4079 4078 4077
4078 4079 4080
4081 4080 4079
4080 4081 4082
4082 4083 4080
4083 4082 4084
4085 4084 4082
4081 4085 4082
4084 4085 4086
4087 4086 4085
4086 4087 4088
4085 4081 4089
4089 4087 4085
4090 4080 4083
4080 4090 4078
4087 4091 4088
4091 4087 4092
4092 4093 4091
4093 4092 4094
4095 4092 4087
4087 4089 4095
4092 4095 4096
4096 4094 4092
4094 4096 4097
4097 4098 4094
4098 4097 4099
4094 4100 4093
4100 4094 4098
4099 4101 4098
4101 4099 4102
4102 4103 4101
4103 4102 4104
4105 4101 4103
4106 4105 4103
4106 4103 4104
4101 4105 4107
4107 4098 4101
4098 4107 4100
3623 4108 3631
4108 3623 3630
3635 3631 4108
4109 4110 4111
4110 4109 4112
4110 4113 4111
4113 4110 4114
4115 4112 4109
4112 4115 4116
4116 4115 4117
4118 4119 4120
4119 4118 4121
4120 4122 4118
4122 4120 4123
4123 4124 4122
4123 4125 4124
4126 4127 4128
4127 4126 4129
4130 4129 4126
4129 4130 4131
4132 4128 4127
4128 4132 4133
4132 4134 4133
4134 4132 4135
4135 4136 4134
4137 4131 4130
4131 4137 4138
4139 3656 4140
3656 4139 4141
3655 4140 3656
4140 3655 3667
4142 4141 4139
4141 4142 4143
3672 4143 4142
4143 3672 3662
4143 3658 4141
3658 4143 3662
3656 4141 3658
4144 4145 4146
4145 4144 4147
4144 4148 4147
4148 4144 4149
4150 4146 4145
4146 4150 4151
4152 4151 4150
4151 4152 4153
4152 4154 4153
4154 4152 4155
4155 4156 4154
4156 4155 4157
4158 4156 4157
4156 4158 4159
4160 4161 4162
4161 4160 4163
4164 4163 4160
4163 4164 4165
4166 4165 4164
4165 4166 4167
4168 4167 4166
4167 4168 4169
4170 4169 4168
4169 4170 4171
4170 4172 4171
4172 4170 4173
4174 4175 4176
4175 4174 4177
4178 4176 4175
4176 4178 4179
4180 4181 4182
4181 4180 4183
4180 4184 4183
4184 4180 4185
4184 4185 4186
4187 4184 4186
4188 4189 4190
4191 4192 4189
4192 4191 4193
4194 4195 4196
4195 4194 4197
4194 4198 4197
4198 4194 4199
4200 4196 4195
4196 4200 4201
4200 4202 4201
4202 4200 4203
4199 4204 4198
4204 4199 4205
4205 4206 4204
4206 4205 4207
4208 4209 4210
4211 4210 4209
4210 4211 4212
4213 4212 4211
4212 4213 4214
4215 4214 4213
4214 4215 4216
4217 4218 4219
4218 4217 4220
4221 4222 4223
4222 4221 4224
4223 4225 4221
4225 4223 3666
3666 4226 4225
4226 3666 3660
3663 4223 4222
3666 4223 3663
4227 4228 4229
4228 4227 4230
4229 4231 4227
4232 4233 4234
4235 4236 4237
4236 4235 4238
4010 4007 4030
4030 4012 4010
4012 4030 4027
3565 4239 3687
4239 3565 3563
3563 4240 4239
4240 3563 3561
3561 4241 4240
3567 3565 3687
3561 3559 4241
4242 4241 3559
4242 3559 3555
4243 4242 3555
4243 3555 3554
4244 4243 3554
3554 3557 4244
4244 3557 4245
3557 3572 4245
4245 3572 4246
4246 3572 3574
4247 4248 4249
4248 4247 4250
4251 4250 4247
4250 4251 4252
4253 4252 4251
4252 4253 4254
4255 4254 4253
4254 4255 4256
4257 4256 4255
4258 4249 4248
4249 4258 4259
4260 4259 4258
4259 4260 4261
4262 4261 4260
4261 4262 4263
4264 4263 4262
4263 4264 4265
4266 4265 4264
4265 4266 4267
4268 4267 4266
4267 4268 4269
4270 4269 4268
4269 4270 4271
4272 4271 4270
4271 4272 4273
4274 4273 4272
4273 4274 4275
4263 4276 4261
4276 4263 4277
4265 4277 4263
4277 4265 4278
4279 4265 4267
4265 4279 4278
4280 4267 4269
4267 4280 4279
4281 4269 4271
4269 4281 4280
4282 4271 4273
4271 4282 4281
4283 4273 4275
4273 4283 4282
4274 4284 4275
4284 4274 4285
4285 4286 4284
4286 4285 4287
4287 4288 4286
4286 4288 4289
4289 4284 4286
4284 4289 4290
4290 4275 4284
4275 4290 4283
4291 4261 4276
4261 4291 4259
4292 4259 4291
4259 4292 4249
4293 4249 4292
4249 4293 4247
4294 4247 4293
4247 4294 4251
4295 4251 4294
4251 4295 4253
4253 4295 4255
3688 4296 3689
4296 3692 3689
3692 4296 4297
4297 3694 3692
3694 4297 4298
4298 3696 3694
3696 4298 4299
4299 3698 3696
3698 4299 3710
4300 4301 4302
4300 4302 4303
4304 4303 4302
4303 4304 4305
4302 4306 4304
4306 4302 4307
4301 4307 4302
4307 4308 4306
4308 4307 4309
4309 4310 4308
4310 4309 4311
4311 4309 4312
4311 4313 4310
4313 4311 4314
4301 4315 4307
4307 4315 4309
4315 4312 4309
4312 4316 4311
4316 4314 4311
4314 4317 4313
4317 4314 4318
4318 4314 4316
4318 4316 4319
4320 4318 4319
4318 4320 4321
4321 4317 4318
4317 4321 4322
4323 4322 4321
4322 4323 4324
4325 4321 4320
4321 4325 4323
4325 4320 4326
4327 4324 4323
4327 4323 4325
4315 4328 4312
4301 4328 4315
4312 4328 4329
4329 4328 4326
4329 4316 4312
4316 4329 4319
4320 4329 4326
4320 4319 4329
4326 4328 4330
4331 3777 4067
3777 4331 3775
4332 3775 4331
3775 4332 3773
3773 4332 4333
3779 4067 3777
3773 4333 3771
4334 3771 4333
4334 3767 3771
4335 3767 4334
4335 3765 3767
4336 3765 4335
3765 4336 3769
4336 4337 3769
3769 4337 3784
4337 4338 3784
4338 3786 3784
4068 4069 4339
4072 4339 4069
4339 4072 4340
4074 4340 4072
4340 4074 4341
4076 4341 4074
4341 4076 4342
4078 4342 4076
4342 4078 4090
4343 4344 4345
4346 4344 4343
4344 4346 4347
4348 4344 4347
4344 4348 4349
4349 4345 4344
4345 4350 4343
4350 4345 4351
4351 4352 4350
4352 4351 4353
4353 4354 4352
4354 4353 4355
4349 4356 4345
4348 4356 4349
4346 4357 4347
4357 4346 4358
4358 4359 4357
4359 4358 4360
4361 4357 4359
4359 4362 4361
4362 4359 4363
4363 4359 4360
4363 4364 4362
4363 4365 4364
4357 4361 4366
4366 4347 4357
4347 4366 4348
4365 4367 4364
4367 4365 4368
4368 4369 4367
4369 4368 4370
4368 4371 4370
4365 4371 4368
4371 4365 4363
4360 4371 4363
4372 4369 4370
4369 4372 4373
4374 4370 4371
4370 4374 4372
4375 4372 4374
4374 4376 4375
4371 4376 4374
4372 4375 4377
4377 4373 4372
4373 4377 4378
4376 4371 4360
4377 4375 4379
4379 4378 4377
4380 4381 4382
4381 4380 4383
4383 4384 4381
4384 4383 4385
4385 4386 4384
4386 4385 4387
4387 4388 4386
4388 4387 4389
4390 4388 4389
4382 4391 4380
4391 4382 4392
4392 4393 4391
4393 4392 4394
4394 4395 4393
4395 4394 4396
4396 4397 4395
4397 4396 4398
4398 4399 4397
4399 4398 4400
4400 4401 4399
4401 4400 4402
4402 4403 4401
4403 4402 4404
4404 4405 4403
4405 4404 4406
4406 4407 4405
4407 4406 4408
4409 4396 4394
4396 4409 4410
4410 4398 4396
4398 4410 4411
4412 4398 4411
4398 4412 4400
4413 4400 4412
4400 4413 4402
4414 4402 4413
4402 4414 4404
4415 4404 4414
4404 4415 4406
4416 4406 4415
4406 4416 4408
4417 4407 4408
4407 4417 4418
4419 4418 4417
4418 4419 4420
4420 4419 4421
4419 4422 4421
4417 4422 4419
4422 4417 4423
4423 4408 4416
4408 4423 4417
4394 4424 4409
4424 4394 4392
4392 4425 4424
4425 4392 4382
4382 4426 4425
4426 4382 4381
4381 4427 4426
4427 4381 4384
4384 4428 4427
4428 4384 4386
4386 4388 4428
4429 4430 4431
4430 4432 4431
4432 4430 4433
4434 4431 4432
4431 4434 4435
4436 4435 4434
4435 4436 4437
4438 4437 4436
4437 4438 4439
4439 4440 4437
4441 4439 4438
4439 4441 4442
4443 4431 4435
4429 4431 4443
4437 4440 4444
4443 4435 4444
4435 4437 4444
4443 4444 4445
4444 4440 4445
4440 4439 4446
4446 4439 4442
4446 4447 4440
4447 4445 4440
4447 4446 4448
4449 4448 4446
4449 4446 4442
4442 4450 4449
4450 4442 4441
4449 4451 4448
4451 4447 4448
4451 4449 4452
4450 4452 4449
4452 4450 4453
4453 4454 4452
4454 4453 4455
4452 4456 4451
4456 4452 4454
4456 4457 4451
4457 4445 4447
4451 4457 4447
4458 4454 4455
4458 4456 4454
4459 4445 4457
3490 4460 3493
4460 3490 3494
3447 4461 3450
4461 3447 3451
2791 2786 4462
4463 2794 2791
2794 4463 2772
2786 2779 4464
4465 4464 2779
4465 4466 4464
4466 4465 4467
4468 4466 4467
4466 4468 4469
4470 4466 4469
4466 4470 4471
4471 4464 4466
4469 4472 4470
4472 4469 4473
4468 4473 4469
4474 4472 4473
4472 4474 4475
4476 4475 4474
4475 4476 4477
4478 4477 4476
4477 4478 4479
4480 4479 4478
4479 4480 4481
4482 4481 4480
4481 4482 4483
4484 4483 4482
4483 4484 4485
4484 4486 4485
4486 4484 4487
4487 4488 4486
4488 4487 4489
4487 4490 4489
4490 4487 4491
4484 4491 4487
4491 4484 4492
4482 4492 4484
4492 4482 4493
4480 4493 4482
4493 4480 4494
4478 4494 4480
4494 4478 4495
4476 4495 4478
4495 4476 4496
4474 4496 4476
4496 4474 4497
4473 4497 4474
4497 4473 4498
4473 4468 4498
4499 4489 4490
4489 4499 4500
4499 4501 4500
4501 4502 4500
4502 4501 4503
4504 4503 4501
4503 4504 4505
4506 4505 4504
4505 4506 4507
4508 4507 4506
4507 4508 4509
4508 4510 4509
4511 4506 4504
4506 4511 4512
4512 4508 4506
4513 4504 4501
4504 4513 4511
4501 4499 4513
4508 4512 4514
4508 4514 4510
4488 4500 4502
4500 4488 4489
4515 4516 4517
4516 4515 4518
4518 4519 4516
4519 4518 4520
4520 4521 4519
4521 4520 4522
4522 4523 4521
4523 4522 4524
4524 4525 4523
4525 4524 4526
4527 4525 4526
4525 4527 4528
4527 4529 4528
4530 4529 4527
4530 4531 4529
4517 4532 4515
4532 4517 4533
4533 4534 4532
4534 4533 4535
4535 4536 4534
4536 4535 4537
4537 4538 4536
4538 4537 4539
4540 4541 4542
4541 4540 4543
4544 4543 4540
4543 4544 4545
4546 4542 4541
4542 4546 4547
4547 4546 4548
4549 4545 4544
4545 4549 4550
4551 4552 4553
4552 4551 4554
4554 4555 4552
4555 4554 4556
4557 4555 4556
4555 4557 4558
4557 4559 4558
4559 4557 4560
4561 4559 4560
4559 4561 4562
4562 4563 4559
4563 4562 4564
4565 4564 4562
4553 4566 4551
4566 4553 4567
4567 4568 4566
4568 4567 4569
4569 4570 4568
4570 4569 4571
4571 4572 4570
4572 4571 4573
4573 4574 4572
4574 4573 4575
4575 4576 4574
4576 4575 4577
4578 4576 4577
4576 4578 4579
4580 4579 4578
4579 4580 4581
4582 4581 4580
4581 4582 4583
4584 4583 4582
4583 4584 4585
4585 4584 4586
4587 4584 4582
4584 4587 4588
4584 4588 4586
4582 4589 4587
4589 4582 4580
4580 4590 4589
4590 4580 4578
4591 4578 4577
4578 4591 4590
4575 4591 4577
4591 4575 4592
4573 4592 4575
4592 4573 4593
4571 4593 4573
4593 4571 4594
4571 4595 4594
4595 4571 4569
4569 4596 4595
4596 4569 4567
4567 4597 4596
4597 4567 4553
4553 4598 4597
4598 4553 4552
4552 4599 4598
4599 4552 4555
4558 4599 4555
4599 4558 4600
4559 4600 4558
4600 4559 4563
4601 4602 4603
4601 4604 4602
4604 4605 4602
4604 4606 4605
4606 4604 4607
4608 4606 4607
4606 4608 4609
4610 4609 4608
4609 4610 4611
4612 4611 4610
4611 4612 4613
4614 4613 4612
4613 4614 4615
4616 4615 4614
4615 4616 4617
4618 4617 4616
4617 4618 4619
4620 4619 4618
4619 4620 4621
4622 4621 4620
4621 4622 4623
4622 4624 4623
4624 4622 4625
4625 4626 4624
4626 4625 4627
4627 4628 4626
4628 4627 4629
4629 4630 4628
4630 4629 4631
4631 4632 4630
2786 4464 4633
4464 4471 4633
4561 4634 4562
4565 4562 4634
4635 4636 4637
4638 4639 4640
4639 4638 4641
4642 4640 4639
4640 4642 4643
4642 4644 4643
4645 4641 4638
4641 4645 4646
4647 4646 4645
4646 4647 4648
4649 4648 4647
4648 4649 4650
4651 4650 4649
4650 4651 4652
4653 4652 4651
4652 4653 4654
4655 4654 4653
4654 4655 4656
4657 4656 4655
4656 4657 4658
4659 4658 4657
4658 4659 4660
4661 4660 4659
4660 4661 4662
4663 4662 4661
4662 4663 4664
4665 4664 4663
4664 4665 4666
4667 4666 4665
4666 4667 4668
4669 4668 4667
4668 4669 4670
4671 4670 4669
4672 4673 4674
4673 4672 4675
4675 4676 4673
4676 4675 4677
4677 4678 4676
4678 4677 4679
4677 4680 4679
4680 4677 4681
4679 4682 4678
4682 4679 4683
4683 4684 4682
4684 4683 4685
4686 4679 4680
4679 4686 4687
4687 4688 4685
4688 4687 4686
4689 4681 4677
4681 4689 4690
4672 4690 4689
4690 4672 4691
4692 4693 4684
4693 4692 4694
4692 4695 4694
4695 4692 4688
4696 4697 4693
4697 4696 4698
4699 4696 4695
4696 4699 4700
4698 4701 4697
4701 4698 4702
4700 4703 4702
4703 4700 4699
4691 4704 4705
4704 4691 4706
4674 4704 4706
4704 4674 4707
4707 4708 4709
4708 4705 4709
4708 4707 4710
4705 4708 4711
4712 4710 4713
4710 4712 4714
4712 4711 4714
4711 4712 4715
4716 4713 4717
4713 4716 4718
4718 4719 4715
4719 4718 4716
4720 4717 4721
4719 4720 4721
4722 4723 4724
4723 4725 4724
4725 4723 4726
4727 4726 4728
4726 4727 4729
4728 4730 4727
4730 4728 4701
4731 4729 4732
4729 4731 4733
4733 4734 4725
4734 4733 4735
4736 4734 4735
4703 4732 4730
4732 4703 4731
4737 4738 4739
4738 4737 4740
4739 4741 4737
4741 4739 4742
4741 4742 4743
4740 4744 4738
4744 4740 4745
4745 4746 4744
4746 4745 4747
4747 4748 4746
4748 4747 4749
4749 4750 4748
4750 4749 4751
4751 4752 4750
4752 4751 4753
4753 4754 4752
4754 4753 4755
4755 4756 4754
4756 4755 4757
4757 4758 4756
4758 4757 4759
4759 4760 4758
4760 4759 4761
4761 4762 4760
4762 4761 4763
4763 4764 4762
4764 4763 4765
4765 4766 4764
4766 4765 4767
4767 4768 4766
4768 4767 4769
4770 4768 4769
4771 4772 4773
4772 4771 4774
4775 4774 4771
4774 4775 4776
4777 4776 4775
4776 4777 4778
4779 4776 4778
4776 4779 4780
4781 4778 4777
4778 4781 4782
4783 4782 4781
4782 4783 4784
4778 4785 4779
4785 4778 4786
4786 4787 4785
4787 4786 4784
4780 4788 4776
4788 4780 4789
4789 4772 4788
4772 4789 4790
4791 4792 4783
4792 4791 4793
4792 4794 4787
4794 4792 4793
4795 4796 4791
4796 4795 4797
4796 4798 4794
4798 4796 4799
4800 4797 4795
4797 4800 4801
4799 4802 4798
4802 4799 4801
4790 4803 4804
4803 4773 4804
4773 4803 4805
4806 4805 4807
4805 4806 4808
4809 4806 4807
4803 4790 4809
4806 4809 4810
4811 4808 4812
4810 4811 4812
4808 4811 4813
4811 4810 4814
4815 4813 4816
4813 4815 4817
4818 4816 4814
4816 4818 4815
4819 4820 4817
4818 4820 4819
4821 4822 4823
4824 4823 4822
4823 4824 4825
4825 4826 4827
4826 4825 4828
4829 4827 4826
4827 4829 4800
4828 4830 4831
4830 4828 4832
4833 4832 4824
4832 4833 4834
4835 4834 4833
4831 4802 4829
4802 4831 4830
