byte offset: 0
first index: 0
index count: 18882
topology: trianglelist
format: DXGI_FORMAT_R16_UINT

0 1 2
3 1 0
1 3 4
3 5 4
5 3 6
6 7 5
7 6 8
8 9 7
9 8 10
11 9 10
9 11 12
13 12 11
14 2 1
15 2 14
16 2 15
17 18 19
18 20 19
21 18 17
18 21 22
23 22 21
22 23 24
25 24 23
24 25 26
27 26 25
26 27 28
29 28 27
28 29 30
29 31 30
31 29 32
33 30 31
30 33 34
34 28 30
35 34 33
34 35 36
35 37 36
38 34 36
39 38 36
40 38 39
38 40 41
42 41 40
41 42 43
44 43 42
43 44 45
43 46 41
46 43 47
45 47 43
47 45 48
34 38 49
49 41 46
41 49 38
40 50 42
50 44 42
50 51 44
40 52 50
52 40 39
53 45 44
53 54 45
54 48 45
44 51 55
44 55 53
55 56 53
46 28 49
28 34 49
28 46 26
47 26 46
26 47 24
24 47 48
48 22 24
54 22 48
57 54 53
53 56 57
54 57 58
18 54 58
54 18 22
50 59 51
50 52 59
60 51 59
52 61 59
61 52 62
62 63 61
64 61 63
61 64 65
59 65 60
61 65 59
64 66 65
66 64 67
67 68 66
68 67 69
70 69 67
66 68 71
66 71 65
71 60 65
68 72 71
69 73 68
60 71 74
71 75 74
75 71 72
75 76 74
76 75 77
76 78 74
77 75 79
79 75 80
72 80 75
80 81 79
82 81 80
81 82 83
83 84 81
84 83 85
86 85 83
82 86 83
85 86 87
88 87 86
86 89 88
89 86 90
86 82 90
87 88 91
73 90 82
90 73 92
89 90 92
89 92 93
94 89 93
93 95 94
95 96 94
94 96 97
95 98 96
99 94 97
95 100 98
95 93 100
93 101 100
93 92 101
102 101 92
73 102 92
88 103 91
89 94 104
104 94 99
105 104 99
104 105 103
103 88 104
106 98 100
106 107 98
108 106 100
108 100 101
109 107 106
110 98 107
110 96 98
110 111 96
111 110 112
108 113 106
106 113 114
109 106 114
109 114 115
114 116 115
117 116 114
114 113 117
115 118 109
119 117 113
113 120 119
108 120 113
121 117 119
122 117 121
117 122 116
120 108 101
120 101 123
120 123 70
120 70 119
70 124 119
121 119 124
125 124 70
123 69 70
126 124 125
125 63 126
64 63 125
125 70 67
64 125 67
127 122 121
128 121 124
124 126 128
121 128 127
129 127 128
127 129 130
129 128 131
131 128 126
126 132 131
126 63 132
131 132 37
133 131 37
129 133 130
131 133 129
130 134 127
122 127 134
134 135 122
136 135 134
130 136 134
136 137 135
138 135 137
137 136 139
137 140 138
140 118 138
141 140 137
137 139 141
139 142 141
142 139 143
136 143 139
143 144 142
142 144 145
145 144 146
144 147 146
143 147 144
143 148 147
148 143 149
136 149 143
145 146 150
146 151 150
147 151 146
151 147 152
153 150 151
154 153 151
152 154 151
152 155 154
156 154 155
155 157 156
158 156 157
156 158 159
159 160 156
154 156 160
160 159 161
162 161 159
161 162 163
157 164 158
164 157 165
166 159 158
159 166 162
167 158 164
158 167 166
164 168 167
168 164 169
165 169 164
157 155 170
170 165 157
161 171 160
172 160 171
173 172 171
160 172 154
171 161 174
175 171 174
171 175 173
161 176 174
176 161 163
177 174 176
174 177 175
176 178 177
172 153 154
153 172 173
169 32 168
32 169 31
179 31 169
169 165 179
165 170 180
180 179 165
179 180 181
182 181 180
180 183 182
183 180 170
170 152 183
152 170 155
181 182 184
182 133 184
182 185 133
147 183 152
183 147 148
148 182 183
182 148 185
148 130 185
133 185 130
148 149 130
136 130 149
184 35 181
33 181 35
181 33 179
31 179 33
35 184 37
133 37 184
186 36 37
39 36 186
62 39 186
186 132 62
132 186 37
63 62 132
62 52 39
187 188 189
189 190 187
190 189 191
187 190 192
190 193 192
187 192 194
195 194 192
195 192 196
197 195 196
195 197 198
197 199 198
199 197 200
20 199 200
194 195 201
201 195 202
195 198 202
202 198 203
198 199 203
20 57 199
203 199 57
57 20 58
18 58 20
201 77 194
187 194 77
187 77 204
205 187 204
205 204 79
204 77 79
81 205 79
84 205 81
205 84 188
205 188 187
77 201 76
201 206 76
206 201 202
202 56 206
56 202 203
56 203 57
55 206 56
206 55 78
76 206 78
51 78 55
78 51 60
60 74 78
84 207 188
188 207 208
207 209 208
209 207 210
210 211 209
211 210 212
212 213 211
213 212 214
214 215 213
215 214 216
216 217 215
217 216 218
218 219 217
219 218 220
221 220 218
220 221 222
223 222 221
222 223 224
225 224 223
224 225 226
227 226 225
225 228 227
229 227 228
228 230 229
230 228 231
231 232 230
232 231 233
233 234 232
234 233 235
236 234 235
234 236 237
227 229 238
238 239 227
226 227 239
239 238 240
241 240 238
240 241 242
240 243 239
243 240 244
242 244 240
244 242 245
246 233 231
233 246 247
247 235 233
248 239 243
239 248 226
249 236 235
235 247 249
236 249 250
250 87 236
87 250 85
87 237 236
237 87 91
237 91 103
251 237 103
252 237 251
237 252 234
252 232 234
232 252 253
253 230 232
230 253 254
229 230 254
254 255 229
255 254 256
253 256 254
255 238 229
238 255 241
103 257 251
257 103 105
258 257 105
258 105 259
259 105 260
259 260 261
262 261 260
263 262 260
262 263 111
105 99 260
262 111 264
112 264 111
264 112 265
266 257 258
257 266 267
267 251 257
251 267 252
268 252 267
252 268 253
267 269 268
269 267 266
256 253 268
268 270 256
270 268 269
271 256 270
256 271 255
272 255 271
255 272 241
241 272 242
273 274 275
274 273 276
273 277 276
277 273 278
279 275 274
275 279 280
281 280 279
280 281 282
278 283 277
283 278 284
285 283 284
283 285 286
287 286 285
286 287 288
289 288 287
288 289 290
289 291 290
291 289 292
292 293 291
293 292 294
294 295 293
295 294 296
297 295 296
295 297 298
299 231 228
231 299 246
228 225 299
223 299 225
299 223 300
300 246 299
246 300 301
302 246 301
246 302 247
303 247 302
247 303 249
303 250 249
250 303 304
304 85 250
85 304 84
301 300 305
221 300 223
300 221 305
218 305 221
305 218 216
216 306 305
306 301 305
306 302 301
306 216 214
214 307 306
302 306 307
303 302 307
307 214 212
212 303 307
303 212 210
210 304 303
304 210 207
207 84 304
123 101 102
69 123 102
73 69 102
82 308 73
68 73 308
308 72 68
308 80 72
82 80 308
88 89 104
200 19 20
19 200 309
200 310 309
310 200 197
196 310 197
310 196 311
192 311 196
311 192 193
312 19 309
310 312 309
19 312 313
313 312 314
315 314 312
312 310 315
314 315 316
315 317 316
317 315 318
310 318 315
318 310 311
317 318 319
311 319 318
319 311 193
190 319 193
320 317 319
317 320 321
322 320 319
322 319 190
190 323 322
322 323 324
323 190 191
321 325 317
317 325 316
325 326 316
316 326 314
327 313 314
326 327 314
313 327 328
327 329 328
329 327 330
330 331 329
330 332 331
332 333 331
333 332 334
334 335 333
335 334 336
336 337 335
337 336 338
338 339 337
340 333 335
333 340 341
331 333 341
341 342 331
329 331 342
343 337 339
344 343 339
343 344 345
344 339 346
337 343 347
347 335 337
335 347 340
336 334 348
336 348 349
349 338 336
345 350 343
350 345 351
351 29 350
29 351 32
29 352 350
352 343 350
343 352 347
352 340 347
352 29 27
27 353 352
353 27 25
25 354 353
354 25 23
23 355 354
355 23 21
340 352 353
341 353 354
353 341 340
342 354 355
354 342 341
356 32 351
32 356 168
357 168 356
168 357 167
358 167 357
357 359 358
360 358 359
358 360 361
362 361 360
361 362 363
363 162 361
162 363 163
359 357 364
356 364 357
166 361 162
361 166 358
167 358 166
359 365 360
365 359 366
364 366 359
367 360 365
360 367 362
368 367 365
366 368 365
369 362 367
362 369 370
370 363 362
370 369 371
363 370 372
372 370 373
371 373 370
363 176 163
176 363 372
176 372 374
373 374 372
374 178 176
369 367 375
375 371 369
367 376 375
368 376 367
376 368 377
375 376 378
368 366 379
379 377 368
380 379 366
379 380 381
382 381 380
381 382 383
381 383 384
366 364 380
380 385 382
385 380 364
364 356 385
381 384 386
387 378 376
377 387 376
388 387 377
389 387 388
389 378 387
390 389 388
390 388 391
391 392 390
392 393 390
394 381 386
394 395 391
391 377 394
391 388 377
377 379 394
381 394 379
396 393 392
396 392 397
397 391 395
397 392 391
397 398 396
399 396 398
396 399 400
393 396 400
400 399 401
397 402 398
402 403 398
403 402 404
404 405 403
403 405 406
405 407 406
407 408 406
408 407 409
410 406 408
406 410 411
411 399 398
406 411 403
411 398 403
410 412 411
399 412 401
399 411 412
412 413 401
413 412 410
414 410 408
413 410 414
413 414 415
414 416 415
414 417 416
418 417 414
418 414 408
418 408 409
419 416 417
419 420 416
419 421 420
421 422 420
423 422 421
424 421 419
419 417 424
424 417 425
418 425 417
421 424 426
426 424 427
424 425 427
428 427 425
426 429 421
429 423 421
429 430 423
430 429 431
432 431 429
432 429 426
426 433 432
433 426 434
426 427 434
435 432 433
432 435 436
431 432 436
433 437 435
437 433 438
438 439 437
439 438 440
441 440 438
433 441 438
441 433 434
440 441 442
434 443 441
443 434 427
444 435 437
435 444 445
446 439 440
439 446 324
442 447 440
440 447 446
446 447 448
449 445 444
445 449 450
451 445 450
445 451 452
453 451 450
451 453 454
455 454 453
454 455 456
457 456 455
456 457 458
459 458 457
458 459 460
461 460 459
460 461 462
462 463 460
463 462 464
465 462 461
462 465 466
466 464 462
464 466 467
453 468 455
468 453 469
470 455 468
455 470 457
457 471 459
471 457 470
459 472 461
472 459 471
473 461 472
461 473 465
474 460 463
460 474 458
474 475 458
475 474 476
458 475 456
477 456 475
476 477 475
456 477 454
478 454 477
454 478 451
478 452 451
452 478 479
479 431 452
452 431 436
435 452 436
452 435 445
480 431 479
431 480 430
481 430 480
481 482 430
482 483 430
482 484 483
485 483 484
486 483 485
485 487 486
430 483 423
485 488 487
488 489 487
490 487 489
487 490 420
420 486 487
489 488 491
490 416 420
490 415 416
486 420 422
483 422 423
422 483 486
480 492 481
492 480 493
479 493 480
493 479 478
478 494 493
494 478 477
495 493 494
493 495 492
477 476 494
494 496 495
496 494 476
476 497 496
497 476 474
474 498 497
498 474 463
463 464 498
138 118 115
138 115 116
116 135 138
116 122 135
499 500 501
500 499 502
502 503 500
503 502 504
501 505 499
505 501 506
504 507 503
507 504 508
508 509 507
509 508 510
510 511 509
511 510 512
513 511 512
511 513 514
515 514 513
514 515 516
515 517 516
517 515 518
519 517 518
506 520 505
520 506 521
521 522 520
522 521 523
523 524 522
524 523 525
525 526 524
526 525 527
527 528 526
528 527 529
529 530 528
530 529 531
531 532 530
533 534 535
534 533 536
537 536 533
536 537 538
538 539 536
539 538 540
536 541 534
541 536 539
540 542 539
542 541 539
542 540 543
543 544 542
544 543 545
546 542 544
542 546 547
541 542 547
533 548 537
548 533 549
549 550 548
550 549 551
551 552 550
552 551 553
553 554 552
554 553 555
555 556 554
556 555 557
557 558 556
558 557 559
559 560 558
560 559 561
562 558 560
558 562 563
560 564 562
564 560 565
561 565 560
565 561 566
565 567 564
567 565 568
566 568 565
568 569 567
569 568 570
571 570 568
568 566 571
570 571 572
570 573 569
573 570 574
572 574 570
574 572 575
574 576 573
576 574 577
577 578 576
578 577 579
577 580 579
580 577 581
581 577 574
579 582 578
582 579 583
580 583 579
583 584 582
584 583 585
586 585 583
583 580 586
585 586 587
585 587 588
585 588 589
584 585 589
575 590 574
574 590 581
590 591 581
591 590 592
593 592 590
592 593 594
594 595 592
595 594 596
596 597 595
597 596 598
599 595 597
595 599 600
600 592 595
592 600 591
601 598 596
598 601 602
603 599 597
599 603 604
603 605 604
605 603 606
597 598 606
597 606 603
602 607 598
607 605 606
606 598 607
607 602 608
605 607 608
596 609 601
610 611 612
611 613 612
613 611 614
614 615 613
615 614 616
563 615 616
617 614 611
611 618 617
550 617 618
618 548 550
548 618 619
617 550 552
618 611 620
620 619 618
610 620 611
610 621 620
619 620 621
621 610 622
552 623 617
614 617 623
623 552 554
619 537 548
537 619 624
621 624 619
624 538 537
538 624 625
540 538 625
540 625 626
626 543 540
543 626 627
627 545 543
545 627 628
624 621 629
629 625 624
629 621 622
625 629 630
630 626 625
626 630 631
631 627 626
627 631 632
632 628 627
628 632 633
634 631 630
631 634 635
636 630 629
630 636 634
637 635 634
635 637 638
639 634 636
634 639 637
640 637 639
637 640 641
641 638 637
632 642 633
642 632 643
638 643 635
631 643 632
643 631 635
643 638 644
644 642 643
639 645 640
645 639 646
636 646 639
646 647 645
647 646 648
649 648 646
646 636 649
648 649 650
622 650 649
650 622 610
610 651 650
651 610 652
653 650 651
650 653 648
651 654 653
654 651 655
652 655 651
656 653 654
653 656 657
648 657 647
657 648 653
649 629 622
629 649 636
654 658 656
658 654 659
655 659 654
659 660 658
660 659 661
662 661 659
659 655 662
661 662 663
662 664 663
664 662 665
666 663 664
663 666 667
668 667 666
667 668 669
670 663 667
663 670 661
669 670 667
670 669 671
672 661 670
661 672 660
673 670 671
670 673 672
674 669 668
669 674 675
676 675 674
675 676 677
678 677 676
677 678 679
680 675 677
675 680 681
681 669 675
669 681 671
682 677 679
677 682 680
683 681 680
681 683 684
684 671 681
671 684 673
685 680 682
680 685 683
686 679 678
679 686 687
679 688 682
688 679 687
689 682 688
682 689 685
690 687 686
687 690 691
687 692 688
692 687 691
691 693 692
694 692 693
692 694 695
688 695 689
695 688 692
693 691 696
697 693 696
698 697 696
691 698 696
698 691 690
697 698 699
699 700 697
700 699 701
693 697 702
697 700 702
693 703 694
703 693 702
703 700 701
700 703 702
704 535 705
535 704 533
706 707 708
707 706 709
710 709 706
709 710 711
712 708 707
708 712 713
714 711 710
711 714 715
716 715 714
715 716 717
718 717 716
717 718 719
720 719 718
719 720 721
718 722 720
723 720 722
720 723 724
724 721 720
722 725 723
725 722 726
727 726 722
722 718 727
716 727 718
726 727 728
729 728 727
727 716 729
714 729 716
728 729 730
731 730 729
730 731 732
733 732 731
732 733 734
735 734 733
734 735 736
737 736 735
736 737 738
739 738 737
738 739 740
729 714 731
731 710 733
710 731 714
733 706 735
706 733 710
735 708 737
708 735 706
708 739 737
739 708 713
713 741 739
741 713 742
739 741 743
740 739 743
713 712 742
740 743 744
745 746 747
746 745 748
749 748 745
749 745 750
751 748 749
752 747 746
747 752 753
754 753 752
752 755 754
755 752 756
746 756 752
753 754 757
724 757 754
757 724 723
723 758 757
759 757 758
757 759 760
761 760 759
760 761 762
763 762 761
762 763 764
758 723 725
754 765 724
765 754 755
721 724 765
766 764 763
766 767 764
756 746 768
769 768 746
768 769 770
771 770 769
770 771 772
773 772 771
772 773 774
775 774 773
776 777 778
777 776 779
778 780 776
780 778 781
782 780 781
780 782 783
783 782 784
785 777 779
786 787 785
787 786 788
788 789 787
790 786 785
791 792 793
792 791 794
795 794 791
794 795 796
797 796 795
796 797 798
799 793 792
793 799 800
801 800 799
800 801 802
803 802 801
802 803 804
805 804 803
804 805 806
807 806 805
806 807 808
809 808 807
808 809 810
811 810 809
810 811 812
813 812 811
812 813 814
813 815 814
816 817 818
817 816 819
820 816 818
816 820 821
816 822 819
822 816 823
821 823 816
823 824 822
824 823 825
826 825 823
823 821 826
825 826 827
825 828 824
828 825 829
827 829 825
829 827 830
817 831 818
831 817 832
832 833 831
833 832 834
835 831 833
831 835 836
834 837 833
837 834 838
839 833 837
833 839 835
836 818 831
818 836 820
838 840 837
840 838 841
841 842 840
842 841 843
844 840 842
840 844 845
845 837 840
837 845 839
842 846 844
846 842 847
843 847 842
847 843 848
847 849 846
849 847 850
848 850 847
850 851 849
851 850 852
853 852 850
850 848 853
852 853 854
852 855 851
855 852 854
556 558 616
558 563 616
856 226 248
226 856 224
857 224 856
224 857 222
858 222 857
222 858 220
859 220 858
220 859 219
644 860 861
860 644 862
644 863 862
863 644 638
638 641 863
642 644 861
864 865 866
865 864 867
868 867 864
867 868 869
870 869 868
869 870 871
872 871 870
871 872 873
874 873 872
873 874 875
876 875 874
875 876 877
878 877 876
877 878 879
880 879 878
879 880 881
882 881 880
881 882 883
884 883 882
883 884 885
886 885 884
885 886 887
887 886 888
866 889 890
889 866 865
891 890 889
891 889 892
889 893 892
891 894 890
655 652 895
895 662 655
662 895 665
896 897 898
897 896 899
900 898 897
898 900 901
902 901 900
901 902 903
902 904 903
904 902 905
905 906 904
906 905 907
908 906 907
906 908 909
910 909 908
909 910 911
912 911 910
911 912 913
914 915 916
915 914 917
916 918 914
918 916 919
919 920 918
920 919 921
922 920 921
920 922 923
924 923 922
923 924 925
926 925 924
925 926 927
928 927 926
927 928 929
930 929 928
929 930 931
930 932 931
932 930 933
933 934 932
934 933 935
935 936 934
936 935 937
938 936 937
939 940 941
941 942 939
942 943 939
943 942 944
944 945 943
945 944 946
940 947 941
947 940 948
948 917 947
917 948 915
949 950 951
950 949 952
949 953 952
953 949 954
954 955 953
955 954 956
957 955 956
955 957 958
959 958 957
958 959 960
959 961 960
961 959 962
962 963 961
963 962 964
965 963 964
963 965 966
967 966 965
966 967 968
967 969 968
969 967 970
970 971 969
971 970 972
971 972 973
974 975 976
975 974 977
978 976 975
976 978 979
980 979 978
979 980 981
982 977 974
977 982 983
951 983 982
983 951 950
984 985 986
985 984 987
988 987 984
987 988 989
990 986 985
986 990 991
992 989 988
989 992 993
994 991 990
991 994 995
996 997 998
997 996 999
1000 999 996
999 1000 1001
1000 1002 1001
1002 1000 1003
1003 1004 1002
1004 1003 1005
1005 1006 1004
1006 1005 1007
1008 1006 1007
1006 1008 1009
1008 1010 1009
1010 1008 1011
1012 1010 1011
1010 1012 1013
1014 1013 1012
1013 1014 1015
1016 1003 1000
996 1016 1000
1016 996 1017
998 1017 996
1017 998 1018
998 1019 1018
998 1020 1019
1021 1019 1020
1019 1021 1022
1023 1022 1021
1022 1023 1024
1012 1025 1014
1026 1024 1023
1024 1026 1027
1028 1027 1026
998 1029 1020
1029 998 997
1020 1030 1021
1030 1020 1029
1021 1031 1023
1031 1021 1030
1032 1023 1031
1023 1032 1026
1026 1033 1028
1033 1034 1028
1026 1035 1033
1035 1026 1032
1025 1012 1036
1011 1036 1012
1036 1011 1037
1011 1038 1037
1038 1011 1008
1008 1039 1038
1039 1008 1007
1007 1040 1039
1040 1007 1005
1005 1041 1040
1041 1005 1003
1003 1016 1041
1042 1043 1044
1044 1043 1045
1015 1043 1042
1043 1015 1014
1014 1045 1043
1045 1014 1025
590 575 593
1046 209 211
209 1046 1047
211 1048 1046
1048 211 213
1047 208 209
208 1047 1049
1049 188 208
188 1049 189
215 1048 213
1048 215 1050
1050 1051 1048
1051 1050 1052
1053 1052 1050
1052 1053 1054
1053 1055 1054
1055 1053 1056
1056 1057 1055
1057 1056 1058
1053 1059 1056
1059 1058 1056
1059 1053 217
217 1050 215
1050 217 1053
1058 1059 1060
1061 189 1049
189 1061 191
1047 1061 1049
1061 1047 1062
1046 1062 1047
1062 1046 1063
1048 1063 1046
1063 1048 1051
1061 323 191
323 1061 1064
1064 324 323
324 1064 1065
324 1065 1066
1067 1066 1065
1066 1067 1068
1069 1068 1067
1068 1069 1070
1071 1070 1069
1070 1071 1072
1073 1072 1071
1072 1073 1074
1075 1074 1073
1074 1075 1076
1077 1076 1075
1076 1077 1078
1078 1079 1076
1079 1078 1080
1080 1081 1079
1081 1080 1082
1082 471 1081
471 1082 472
1083 472 1082
472 1083 473
470 1081 471
1081 470 1084
1084 1079 1081
468 1084 470
1084 468 1085
468 1086 1085
1086 468 469
469 1087 1086
1087 469 449
469 450 449
450 469 453
444 1087 449
1087 444 1088
437 1088 444
1088 437 439
1085 1089 1084
1079 1084 1089
1089 1076 1079
1076 1089 1074
1090 1074 1089
1090 1089 1085
1086 1090 1085
1074 1090 1072
1091 1072 1090
1072 1091 1070
1087 1070 1091
1070 1087 1068
1068 1088 1066
439 1066 1088
1088 1068 1087
1066 439 324
1090 1086 1091
1087 1091 1086
446 322 324
446 448 322
322 448 1092
448 447 1092
1092 447 1093
1094 1092 1093
1093 1095 1094
1094 1095 1096
447 442 1093
1093 1097 1095
1098 1095 1097
1098 1096 1095
1097 1093 1099
1099 1093 442
1100 1097 1099
1101 1097 1100
1100 1102 1101
1102 1100 1103
1104 1102 1103
1103 1100 443
1101 1102 1105
1105 1106 1101
1101 1106 1097
1097 1106 1098
1107 1104 1103
409 1104 1107
409 1107 425
409 425 418
1108 1106 1105
1109 1102 1104
1105 1102 1109
1109 1104 1110
1104 407 1110
409 407 1104
1111 1109 1110
1109 1111 1112
1105 1109 1112
1105 1112 1108
1110 1113 1111
1114 1111 1113
1115 1114 1113
1115 1113 404
404 1116 1115
1113 1110 405
405 404 1113
405 1110 407
1111 1114 1117
1111 1117 1112
1114 346 1117
384 346 1114
1115 1116 384
1114 1115 384
1116 404 402
1116 402 397
397 395 1116
394 1116 395
394 386 1116
384 1116 386
384 383 346
383 344 346
344 383 382
382 345 344
345 382 385
385 351 345
351 385 356
1117 346 1118
1118 1119 1117
1119 1118 338
338 1118 339
1118 346 339
1112 1117 1119
1119 1108 1112
1108 1119 349
1119 338 349
349 1120 1108
1108 1120 1106
1120 1098 1106
1098 1120 1121
348 1121 1120
348 1120 349
348 332 1121
332 1122 1121
332 330 1122
1122 330 1123
330 327 1123
1096 1121 1122
1121 1096 1098
1124 1122 1123
1122 1124 1096
1123 325 1124
321 1124 325
1124 321 1094
1094 1096 1124
321 1092 1094
1092 321 320
322 1092 320
325 1123 326
1123 327 326
348 334 332
1125 1126 1127
1126 1125 1128
1129 1125 1127
1125 1129 1130
1131 1130 1129
1130 1131 1132
1133 1125 1130
1132 1133 1130
1125 1133 1134
1133 1132 1135
1128 1136 1126
1136 1128 1137
1137 1138 1136
1138 1137 1139
1139 1140 1138
1140 1139 1141
1128 1142 1137
1142 1128 1143
1132 1144 1135
1144 1132 1145
1131 1145 1132
1145 1146 1144
1146 1145 1147
1147 1145 1148
1145 1131 1148
1147 1149 1146
1149 1147 1150
1150 1151 1149
1151 1150 1152
1152 1153 1151
1153 1152 1154
1154 1155 1153
1155 1154 1156
1157 1156 1154
1156 1157 1158
1156 1159 1155
1159 1156 1160
1158 1160 1156
1159 1160 1161
1161 1160 1162
1160 1158 1162
1163 1154 1152
1154 1163 1157
1152 1150 1163
1161 1162 1164
1162 1165 1164
1165 1162 1158
1158 1166 1165
1166 1158 1157
1167 1166 1157
1167 1157 1163
1168 1167 1163
1150 1168 1163
1150 1169 1168
1150 1147 1169
1147 1148 1169
1169 1170 1168
1167 1168 1170
1170 1169 1171
1148 1171 1169
1171 1148 1172
1131 1172 1148
1172 1131 1173
1129 1173 1131
1173 1129 1174
1127 1174 1129
1174 1127 1175
1176 1175 1127
1176 1127 1126
1136 1176 1126
1176 1136 1177
1136 1178 1177
1178 1136 1138
1138 1179 1178
1179 1138 1140
1140 1180 1179
1180 1140 1181
1182 1180 1181
1180 1182 1183
1184 1183 1182
1183 1184 1185
1186 1185 1184
1185 1186 1187
1186 1188 1187
1188 1186 1189
1189 1190 1188
1190 1189 1191
1141 1181 1140
1181 1141 1192
1192 1182 1181
1141 1193 1192
1193 1141 1194
1193 1195 1192
1182 1192 1195
1195 1184 1182
1195 1193 1196
1196 1197 1195
1184 1195 1197
1197 1186 1184
1197 1196 1198
1199 1197 1198
1197 1199 1200
1186 1197 1200
1200 1189 1186
1199 1201 1200
1189 1200 1201
1201 1191 1189
1201 1199 1202
1203 1201 1202
1201 1203 1204
1191 1201 1204
1194 1141 1139
1194 1139 1205
1137 1205 1139
1205 1137 1142
1206 1207 1208
1207 1206 1209
1210 1208 1207
1208 1210 1211
1212 1211 1210
1213 1209 1206
1209 1213 1214
1213 1215 1214
1213 1216 1215
1216 1217 1215
1218 1215 1217
1218 1217 1219
1218 1219 1220
1221 1220 1219
1220 1221 1222
1221 1223 1222
1223 1221 1224
1224 1225 1223
1225 1224 1226
1227 1225 1226
1225 1227 1228
1227 1229 1228
1229 1227 1230
1230 1231 1229
1231 1230 1232
1228 1233 1225
1234 1225 1233
1235 1231 1232
1231 1235 1236
1237 1236 1235
1236 1237 1238
1239 1238 1237
1238 1239 1240
1241 1240 1239
1240 1241 1242
1243 1242 1241
1242 1243 1244
1245 1244 1243
1244 1245 1246
1247 1246 1245
1246 1247 1248
1245 1249 1247
1250 1251 1234
1251 1250 1252
1253 1252 1250
1252 1253 1254
1255 1254 1253
1254 1255 1256
1257 1256 1255
1256 1257 1258
1259 1258 1257
1258 1259 1260
1261 1260 1259
1260 1261 1262
1263 1262 1261
1262 1263 1264
1265 1264 1263
1264 1265 1266
1267 1266 1265
1128 1125 1268
1269 1128 1268
1128 1269 1143
1270 1271 1272
1273 1270 1272
1271 1274 1272
1274 1271 1275
1272 1276 1273
1276 1272 1274
1275 1277 1274
1277 1276 1274
1277 1275 1278
1279 1277 1278
1277 1279 1280
1281 1277 1280
1277 1281 1282
1276 1277 1282
1283 1280 1279
1280 1283 1284
1285 1284 1283
1284 1285 1286
1287 1284 1286
1284 1287 1288
1280 1288 1281
1288 1280 1284
1285 1289 1286
1289 1285 1290
1290 1291 1289
1291 1290 1292
1291 1293 1289
1286 1293 1287
1293 1286 1289
1293 1291 1294
1292 1295 1291
1295 1294 1291
1295 1292 1296
1296 1297 1295
1297 1296 1298
1297 1299 1295
1294 1295 1299
1299 1297 1300
1301 1302 1303
1302 1301 1304
1305 1301 1303
1306 1304 1301
1304 1306 1307
1305 1308 1301
1308 1306 1301
1309 1310 1311
1312 1311 1310
1310 1309 1313
1314 1313 1309
1313 1314 1315
1314 1316 1315
1316 1314 1317
1317 1318 1316
1318 1317 1319
1319 1320 1318
1320 1319 1321
1322 1320 1321
1320 1322 1323
1323 1322 1324
1313 1325 1310
1325 1326 1310
1325 1327 1326
1328 1326 1327
1328 1329 1326
1330 1329 1328
1329 1330 1331
1330 1332 1331
1332 1330 1333
1333 1334 1332
1334 1333 1335
1335 1336 1334
1336 1335 1337
1338 1336 1337
1336 1338 1339
1340 1339 1338
1339 1340 1341
1342 1341 1340
1341 1342 1343
1344 1343 1342
1343 1344 1345
1346 1345 1344
1345 1346 1347
1348 1347 1346
1347 1348 1349
1350 1349 1348
1349 1350 1351
1352 1351 1350
1351 1352 1353
1354 1353 1352
1355 1356 1357
1356 1355 1358
1358 1359 1356
1359 1358 1360
1360 1361 1359
1361 1360 1362
1363 1361 1362
1361 1363 1364
1365 1364 1363
1364 1365 1366
1367 1355 1357
1355 1367 1368
1369 1368 1367
1368 1369 1370
1371 1370 1369
1370 1371 1372
1373 1372 1371
1372 1373 1374
1375 1374 1373
1374 1375 1376
1375 1377 1376
1377 1375 1378
1379 1370 1372
1370 1379 1380
1381 1374 1376
1374 1381 1382
1372 1382 1379
1382 1372 1374
1383 1370 1380
1370 1383 1368
1384 1368 1383
1368 1384 1355
1384 1358 1355
1358 1384 1385
1376 1386 1381
1386 1376 1377
1385 1360 1358
1360 1385 1387
1387 1362 1360
1362 1387 1388
1388 1363 1362
1363 1388 1389
1389 1365 1363
1365 1389 1390
1390 1391 1365
1391 1366 1365
1366 1391 1392
1393 1392 1391
1392 1393 1394
1395 1394 1393
1394 1395 1396
1397 1396 1395
1396 1397 1398
1397 1399 1398
1399 1397 1400
1401 1397 1395
1397 1401 1402
1397 1402 1400
1400 1402 1403
1395 1404 1401
1404 1395 1393
1391 1404 1393
1404 1391 1405
1391 1390 1405
1406 1407 1408
1407 1406 1409
1410 1409 1406
1406 1411 1410
1411 1406 1412
1408 1412 1406
1409 1410 1413
1409 1414 1407
1414 1409 1415
1413 1415 1409
1415 1416 1414
1416 1415 1417
1418 1417 1415
1415 1413 1418
1417 1418 1419
1412 1408 1420
1421 1411 1412
1421 1412 1420
1419 1377 1417
1377 1419 1386
1417 1378 1416
1378 1417 1377
1326 1422 1311
1329 1422 1326
1325 1313 1423
1315 1423 1313
1423 1315 1424
1316 1424 1315
1424 1316 1425
1318 1425 1316
1425 1318 1426
1320 1426 1318
1426 1320 1427
1323 1427 1320
1427 1323 1428
1429 1428 1323
1323 1324 1429
1428 1429 1430
1225 1251 1431
1234 1251 1225
1432 1433 1434
1433 1432 1435
1436 1435 1432
1435 1436 1437
1438 1437 1436
1437 1438 1439
1439 1440 1437
1440 1439 1441
1437 1442 1435
1442 1437 1440
1435 1443 1433
1443 1435 1442
1438 1444 1439
1444 1438 1445
1445 1446 1444
1446 1445 1447
1447 1448 1446
1448 1447 1449
1439 1450 1441
1450 1439 1444
1444 1451 1450
1451 1444 1446
1446 1452 1451
1452 1446 1448
1453 1454 1455
1454 1453 1456
1455 1457 1453
1457 1455 1458
1458 1459 1457
1459 1458 1460
1461 1458 1455
1458 1461 1462
1458 1463 1460
1463 1458 1462
1464 1460 1463
1460 1464 1465
1464 1466 1465
1467 1465 1466
1466 1468 1467
1468 1466 1469
1465 1467 1470
1470 1460 1465
1460 1470 1459
1466 1464 1471
1469 1466 1471
1472 1471 1464
1471 1472 1473
1473 1469 1471
1469 1473 1474
1474 1475 1469
1475 1474 1476
1476 1477 1475
1478 1475 1477
1475 1478 1479
1479 1469 1475
1469 1479 1468
1477 1476 1480
1481 1480 1476
1480 1481 1482
1482 1483 1480
1483 1482 1484
1480 1485 1477
1485 1480 1483
1477 1486 1478
1486 1477 1485
1484 1487 1483
1487 1484 1488
1483 1489 1485
1489 1483 1487
1485 1490 1486
1490 1485 1489
1476 1491 1481
1491 1476 1474
1488 1492 1487
1492 1488 1493
1494 1487 1492
1494 1489 1487
1489 1495 1490
1495 1489 1496
1494 1496 1489
1474 1497 1491
1497 1474 1473
1473 1498 1497
1498 1473 1472
1472 1499 1498
1499 1472 1500
1500 1501 1499
1501 1500 1502
1502 1503 1501
1503 1502 1504
1502 1505 1504
1506 1504 1505
1504 1506 1507
1505 1502 1508
1500 1508 1502
1504 1509 1503
1509 1504 1507
1505 1510 1506
1510 1505 1511
1508 1511 1505
1511 1508 1512
1513 1512 1508
1508 1514 1513
1508 1500 1514
1513 1514 1464
1500 1464 1514
1515 1507 1506
1507 1515 1516
1515 1517 1516
1518 1516 1517
1516 1518 1519
1507 1519 1509
1519 1507 1516
1517 1515 1520
1515 1521 1520
1521 1515 1522
1520 1523 1517
1523 1520 1524
1524 1525 1523
1525 1524 1526
1525 1526 1527
1528 1527 1526
1524 1528 1526
1527 1528 1529
1527 1530 1525
1530 1527 1529
1530 1523 1525
1523 1530 1531
1517 1531 1518
1531 1517 1523
1528 1524 1532
1520 1532 1524
1532 1520 1521
1506 1522 1515
1522 1506 1510
1533 1534 1535
1534 1536 1535
1536 1534 1537
1537 1538 1536
1538 1537 1539
1539 1540 1538
1540 1539 1541
1541 1542 1540
1542 1541 1543
1533 1544 1534
1545 1543 1541
1543 1545 1546
1547 1543 1546
1543 1547 1548
1547 1461 1548
1461 1547 1549
1549 1462 1461
1462 1549 1550
1551 1539 1537
1539 1551 1552
1541 1552 1545
1534 1551 1537
1551 1534 1544
1552 1541 1539
1455 1548 1461
1548 1455 1553
1553 1543 1548
1543 1553 1542
1462 1550 1513
1463 1462 1513
1463 1513 1464
1464 1500 1472
1554 1555 1556
1557 1555 1554
1558 1559 1560
1559 1558 1561
1562 1561 1558
1561 1562 1563
1564 1563 1562
1563 1564 1565
1566 1565 1564
1565 1566 1567
1568 1567 1566
1567 1568 1569
1570 1569 1568
1569 1570 1571
1572 1571 1570
1571 1572 1573
1572 1574 1573
1574 1572 1575
1576 1574 1575
1574 1576 1577
1578 1577 1576
1577 1578 1579
1580 1579 1578
1579 1580 1581
1582 1581 1580
1581 1582 1583
1584 1583 1582
1583 1584 1585
1586 1585 1584
1585 1586 1587
1584 1588 1586
1588 1584 1589
1582 1589 1584
1589 1582 1590
1580 1590 1582
1590 1580 1591
1578 1591 1580
1591 1578 1592
1576 1592 1578
1592 1576 1593
1575 1593 1576
1593 1575 1594
1572 1594 1575
1594 1572 1595
1570 1595 1572
1595 1570 1596
1568 1596 1570
1596 1568 1597
1566 1597 1568
1597 1566 1598
1598 1599 1597
1600 1597 1599
1597 1600 1601
1602 1601 1600
1601 1602 1603
1599 1598 1604
1605 1604 1598
1604 1605 1606
1607 1606 1605
1606 1607 1608
1609 1608 1607
1608 1609 1610
1611 1610 1609
1610 1611 1612
1613 1603 1602
1603 1613 1614
1615 1614 1613
1614 1615 1616
1617 1616 1615
1616 1617 1618
1617 1619 1618
1619 1617 1620
1621 1612 1611
1612 1621 1622
1623 1622 1621
1622 1623 1624
1625 1624 1623
1624 1625 1626
1627 1626 1625
1626 1627 1628
1629 1628 1627
1628 1629 1630
1631 1629 1627
1625 1631 1627
1629 1631 1632
1632 1633 1629
1633 1632 1634
1634 1635 1633
1635 1634 1636
1637 1635 1636
1635 1637 1638
1637 1639 1638
1640 1638 1639
1638 1640 1641
1639 1637 1642
1638 1643 1635
1643 1638 1641
1639 1644 1640
1644 1639 1645
1642 1645 1639
1645 1642 1646
1647 1646 1642
1646 1647 1648
1635 1649 1633
1649 1635 1643
1649 1629 1633
1629 1649 1630
1645 1650 1644
1650 1645 1651
1646 1651 1645
1651 1652 1650
1652 1651 1653
1653 1654 1652
1654 1653 1655
1656 1655 1653
1655 1656 1657
1656 1658 1657
1658 1656 1659
1656 1660 1659
1660 1656 1661
1661 1653 1651
1653 1661 1656
1662 1657 1658
1657 1662 1663
1655 1664 1654
1664 1655 1665
1657 1665 1655
1665 1657 1663
1651 1646 1661
1648 1661 1646
1661 1648 1660
1662 1666 1663
1666 1662 1667
1663 1668 1665
1668 1663 1666
1669 1665 1668
1665 1669 1664
1667 1670 1666
1670 1667 1671
1666 1672 1668
1672 1666 1670
1669 1668 1672
1673 1670 1671
1674 1675 1669
1675 1674 1676
1676 1677 1675
1677 1676 1678
1678 1679 1677
1679 1678 1680
1680 1681 1679
1681 1680 1682
1682 1683 1681
1683 1682 1684
1684 1685 1683
1685 1684 1686
1687 1685 1686
1685 1687 1688
1689 1688 1687
1688 1689 1690
1691 1690 1689
1690 1691 1692
1693 1692 1691
1692 1693 1694
1695 1694 1693
1694 1695 1696
1697 1696 1695
1696 1697 1698
1699 1698 1697
1698 1699 1700
1701 1700 1699
1700 1701 1702
1703 1702 1701
1702 1703 1704
1705 1704 1703
1704 1705 1706
1707 1706 1705
1706 1707 1708
1707 1709 1708
1709 1707 1710
1710 1711 1709
1711 1710 1712
1712 1713 1711
1713 1712 1714
1714 1715 1713
1715 1714 1716
1717 1715 1716
1715 1717 1718
1719 1718 1717
1718 1719 1720
1721 1720 1719
1719 1722 1721
1722 1723 1721
1723 1722 1724
1722 1719 1725
1726 1719 1717
1719 1726 1725
1716 1726 1717
1720 1727 1718
1727 1720 1728
1729 1728 1720
1721 1729 1720
1730 1729 1721
1731 1729 1730
1732 1731 1730
1731 1732 1733
1733 1734 1731
1734 1733 1735
1736 1733 1732
1733 1736 1737
1737 1735 1733
1738 1737 1736
1737 1738 1739
1739 1740 1737
1735 1737 1740
1740 1739 1741
1742 1739 1738
1739 1742 1743
1743 1741 1739
1744 1743 1742
1743 1744 1745
1744 1746 1745
1745 1747 1743
1741 1743 1747
1747 1745 1748
1746 1748 1745
1749 1731 1734
1731 1749 1729
1728 1729 1749
1750 1751 1752
1751 1750 1753
1754 1752 1751
1752 1754 1755
1756 1755 1754
1756 1757 1755
1755 1757 1752
1757 1758 1752
1752 1758 1750
1758 1587 1750
1757 1756 1759
1756 1760 1759
1586 1753 1750
1587 1586 1750
1753 1586 1588
1761 1762 1763
1761 1763 1764
1765 1761 1764
1766 1765 1764
1765 1766 1767
1768 1767 1766
1767 1768 1769
1768 1620 1769
1620 1768 1619
1770 1771 1772
1773 1772 1771
1772 1773 1774
1775 1774 1773
1774 1775 1776
1777 1776 1775
1776 1777 1778
1779 1778 1777
1778 1779 1780
1781 1780 1779
1780 1781 1782
1783 1782 1781
1781 1784 1783
1781 1785 1784
1786 1783 1784
1783 1786 1787
1786 1788 1787
1788 1786 1789
1789 1790 1788
1790 1789 1791
1792 1790 1791
1790 1792 1793
1794 1793 1792
1795 1785 1781
1785 1795 1796
1797 1796 1795
1796 1797 1798
1797 1799 1798
1799 1797 1800
1800 1801 1799
1801 1800 1802
1802 1803 1801
1803 1802 1804
1805 1803 1804
1803 1805 1806
1807 1806 1805
1806 1807 1808
1809 1808 1807
1808 1809 1810
1811 1812 1813
1814 1813 1812
1813 1814 1815
1816 1815 1814
1815 1816 1817
1818 1817 1816
1817 1818 1819
1818 1820 1819
1820 1818 1821
1821 1822 1820
1822 1821 1823
1824 1822 1823
1822 1824 1825
1826 1825 1824
1825 1826 1827
1826 1828 1827
1828 1826 1829
1830 1828 1829
1828 1830 1831
1832 1831 1830
1831 1832 1833
1834 1833 1832
1833 1834 1835
1836 1835 1834
1835 1836 1837
1838 1837 1836
1837 1838 1839
1840 1839 1838
1839 1840 1841
1840 1842 1841
1842 1840 1843
1843 1844 1842
1844 1843 1845
1845 1846 1844
1847 1844 1846
1847 1842 1844
1846 1845 1848
1842 1847 1849
1850 1842 1849
1850 1841 1842
1851 1837 1839
1851 1839 1852
1841 1850 1852
1839 1841 1852
1837 1851 1853
1854 1853 1851
1853 1854 1855
1855 1856 1853
1856 1855 1857
1857 1456 1856
1456 1857 1454
1835 1853 1856
1853 1835 1837
1856 1833 1835
1833 1856 1456
1456 1831 1833
1831 1456 1453
1453 1828 1831
1828 1453 1457
1457 1827 1828
1827 1457 1459
1470 1827 1459
1827 1470 1825
1470 1822 1825
1822 1470 1467
1467 1820 1822
1820 1467 1468
1468 1819 1820
1819 1468 1479
1479 1817 1819
1817 1479 1478
1478 1815 1817
1815 1478 1486
1486 1813 1815
1813 1486 1490
1490 1811 1813
1811 1490 1495
1811 1858 1812
1859 1642 1637
1642 1859 1647
1637 1860 1859
1860 1637 1636
1636 1861 1860
1861 1636 1634
1634 1862 1861
1862 1634 1632
1632 1863 1862
1863 1632 1631
1864 1863 1631
1863 1864 1865
1866 1865 1864
1865 1866 1867
1868 1867 1866
1867 1868 1869
1560 1869 1868
1869 1560 1559
1868 1611 1560
1609 1560 1611
1560 1609 1558
1607 1558 1609
1558 1607 1562
1605 1562 1607
1562 1605 1564
1598 1564 1605
1564 1598 1566
1611 1868 1621
1866 1621 1868
1621 1866 1623
1623 1864 1625
1864 1623 1866
1631 1625 1864
1870 1871 1872
1872 1873 1870
1873 1872 1874
1875 1873 1874
1873 1875 1876
1877 1876 1875
1876 1877 1878
1879 1880 1881
1880 1879 1882
1883 1881 1880
1881 1883 1884
1883 1885 1884
1885 1883 1886
1886 1887 1885
1887 1886 1888
1888 1889 1887
1889 1888 1890
1890 1891 1889
1891 1890 1892
1890 1893 1892
1894 1882 1879
1882 1894 1895
1896 1895 1894
1896 1894 1897
1851 1898 1854
1898 1851 1852
1852 1899 1898
1899 1852 1850
1850 1900 1899
1900 1850 1849
1847 1900 1849
1901 1902 1903
1902 1901 1904
1904 1905 1902
1905 1904 1906
1906 1907 1905
1907 1906 1908
1908 1909 1907
1909 1908 1910
1903 1911 1901
1911 1903 1912
1912 1913 1911
1913 1912 1914
1915 1914 1912
1914 1915 1916
1917 1914 1916
1912 1918 1915
1918 1912 1903
1902 1918 1903
1918 1902 1919
1902 1920 1919
1920 1902 1905
1905 1921 1920
1921 1905 1907
1907 1922 1921
1922 1907 1909
1909 1923 1922
1923 1909 1924
1924 1925 1923
1925 1924 1926
1926 1927 1925
1927 1926 1928
1928 1929 1927
1929 1928 1930
1930 1931 1929
1931 1930 1932
1932 1933 1931
1933 1932 1934
1935 1934 1932
1934 1935 1936
1936 1937 1934
1937 1936 1938
1938 1939 1937
1939 1938 1940
1934 1941 1933
1941 1934 1937
1937 1942 1941
1942 1937 1939
1935 1932 1943
1932 1930 1943
1943 1930 1944
1940 1945 1939
1945 1940 1946
1946 1947 1945
1947 1946 1948
1949 1945 1947
1945 1949 1950
1950 1939 1945
1939 1950 1942
1948 1951 1947
1951 1948 1952
1947 1953 1949
1953 1947 1951
1952 1954 1951
1954 1952 1955
1955 1956 1954
1956 1955 1957
1958 1954 1956
1954 1958 1959
1951 1959 1953
1959 1951 1954
1957 1960 1956
1960 1957 1961
1961 1962 1960
1962 1961 1963
1964 1960 1962
1960 1964 1965
1965 1956 1960
1956 1965 1958
1963 1966 1962
1966 1963 1967
1967 1968 1966
1966 1968 1969
1969 1962 1966
1962 1969 1964
1910 1924 1909
1924 1910 1970
1970 1926 1924
1926 1970 1971
1971 1928 1926
1928 1971 1944
1930 1928 1944
1972 1971 1970
1971 1972 1973
1974 1971 1973
1971 1974 1975
1976 1975 1974
1975 1976 1977
1978 1977 1976
1977 1978 1979
1980 1979 1978
1979 1980 1981
1982 1981 1980
1981 1982 1983
1984 1981 1983
1983 1985 1984
1985 1983 1986
1983 1987 1986
1982 1987 1983
1986 1988 1985
1988 1986 1989
1989 1986 1987
1987 1990 1989
1990 1991 1989
1991 1990 1992
1992 1993 1991
1994 1993 1992
1994 1992 1995
1996 1995 1992
1992 1990 1996
1997 1995 1996
1996 1998 1997
1998 1996 1999
1999 1990 1987
1990 1999 1996
1999 2000 1998
2000 1999 1982
1987 1982 1999
1995 1997 2001
2002 1995 2001
1995 2002 2003
1994 1995 2003
2004 1991 1993
1991 2004 2005
2005 1989 1991
1989 2005 1988
2003 2006 1994
2006 2003 2007
2002 2007 2003
2007 2002 2008
2002 2009 2008
2009 2002 2010
2011 1994 2006
2007 2012 2006
2012 2007 2013
2008 2013 2007
2013 2014 2012
2015 2012 2014
2012 2015 2016
2006 2016 2011
2016 2006 2012
2014 2013 2017
2018 2017 2013
2013 2008 2018
2009 2018 2008
2017 2018 2019
2020 2019 2018
2018 2009 2020
2019 2020 2021
2017 2022 2014
2022 2017 2023
2019 2023 2017
2023 2024 2022
2024 2023 2025
2024 2025 2026
2027 2025 2023
2023 2019 2027
2021 2027 2019
2025 2027 2028
2026 2025 2028
2029 2022 2024
2026 2029 2024
2022 2029 2030
2029 2026 2031
2032 2028 2027
2027 2021 2032
2028 2032 2033
2026 2033 2031
2033 2026 2028
2030 2014 2022
2014 2030 2015
2034 2035 2036
2035 2034 2037
2038 2034 2036
2036 2039 2038
2039 2036 2040
2035 2040 2036
2034 2038 2041
2041 2042 2034
2042 2037 2034
2042 2041 2043
2043 2044 2042
2044 2045 2042
2042 2045 2037
2045 2046 2037
2045 2044 2047
2048 2047 2044
2047 2048 2049
2048 2050 2049
2050 2048 2051
2051 2052 2050
2052 2051 2053
2053 2054 2052
2054 2053 2055
2053 2056 2055
2056 2053 2057
2051 2057 2053
2057 2051 2058
2051 2059 2058
2059 2051 2048
2048 2060 2059
2060 2048 2044
2044 2043 2060
2061 2062 2063
2062 2061 2064
2064 2065 2062
2065 2064 2066
2061 2067 2064
2067 2061 2068
2064 2069 2066
2069 2064 2067
2063 2070 2061
2070 2068 2061
2070 2063 2071
2071 2072 2070
2073 2070 2072
2070 2073 2074
2068 2070 2074
2072 2071 2075
2076 2072 2075
2072 2076 2077
2078 2077 2076
2077 2078 2079
2079 2080 2077
2072 2080 2073
2080 2072 2077
2080 2079 2081
2079 2082 2081
2082 2079 2083
2078 2084 2079
2083 2079 2084
2083 2084 2085
2085 2086 2083
2086 2085 2087
2084 1997 2085
1997 2084 2001
2001 2084 2002
1998 2085 1997
2085 1998 2087
2000 2087 1998
2082 2083 2088
2086 2088 2083
2089 2087 2000
2087 2089 2086
2089 2088 2086
2010 2002 2084
2000 2090 2089
2090 2000 1980
1980 2000 1982
1978 2090 1980
2090 1978 2091
1976 2091 1978
2091 1976 2092
1974 2092 1976
2092 1974 2093
1973 2093 1974
2093 1973 2094
1973 1972 2094
2088 2089 2095
2089 2096 2095
2096 2089 2090
2090 2097 2096
2097 2090 2091
2098 2091 2092
2091 2098 2097
2099 2092 2093
2092 2099 2098
2100 2093 2094
2093 2100 2099
1972 2100 2094
2100 1972 2101
2102 2103 2104
2105 2104 2103
2105 1713 2104
2104 1713 1715
1718 2104 1715
2104 1718 1727
1727 2102 2104
2106 2102 1727
2102 2106 2107
2107 2106 2108
2105 1711 1713
1711 2105 2109
2109 1709 1711
1709 2109 2110
2110 1708 1709
1708 2110 2111
2112 1708 2111
1708 2112 1706
1704 1706 2112
2107 2108 2113
2113 2108 2114
2114 2115 2113
2115 2114 2116
2117 2115 2116
2115 2117 2118
2119 2118 2117
2118 2119 2120
2121 2120 2119
2120 2121 2122
2123 2122 2121
2122 2123 2124
2125 2124 2123
2124 2125 2126
2127 2126 2125
2126 2127 2128
2127 2129 2128
2130 2131 2132
2133 2130 2132
2130 2133 2134
2134 2133 2135
2135 2133 2136
2136 2137 2135
2137 2136 2138
2138 2139 2137
2139 2138 2140
2140 2141 2139
2141 2140 2142
2142 2143 2141
2143 2142 2144
2144 2145 2143
2145 2144 2146
2146 2147 2145
2147 2146 2148
2148 2149 2147
2149 2148 2150
2151 2149 2150
2152 2153 2154
2153 2152 2155
2156 2153 2155
2153 2156 2157
2158 2157 2156
2157 2158 2159
1723 2159 2158
2159 1723 1724
2154 2160 2152
2161 2162 2163
2162 2161 2164
2165 2162 2164
2162 2165 2166
2167 2163 2162
2166 2167 2162
2163 2167 2168
2169 2168 2167
2170 2169 2167
2167 2166 2170
2169 2170 2171
2168 2169 2172
2171 1993 2169
1993 2172 2169
1993 2171 2004
2172 1993 1994
2173 2165 2164
2161 2173 2164
1981 1984 2174
2174 1979 1981
1979 2174 2175
2175 1977 1979
1977 2175 2176
2176 1975 1977
1975 2176 2177
2178 2179 1707
2178 2180 2179
2180 2178 2181
1707 2182 2178
2182 1707 1705
2183 2178 2182
2178 2183 2181
2184 2179 2180
2179 2184 2185
2186 2185 2184
2185 2186 2187
2187 2188 2185
2188 2187 2189
2190 2189 2187
2189 2190 2191
2192 2191 2190
2191 2192 2193
2190 2194 2192
2194 2190 2195
2187 2195 2190
2195 2187 2186
1705 2196 2182
2196 1705 1703
1701 2196 1703
2197 2196 1701
1701 2198 2197
2198 1701 1699
2196 2197 2199
2199 2182 2196
2182 2199 2183
1699 2200 2198
2200 1699 1697
1697 2201 2200
2201 1697 1695
1695 2202 2201
2202 1695 1693
1693 2203 2202
2203 1693 1691
1691 2204 2203
2204 1691 1689
1689 2205 2204
2205 1689 1687
1686 2205 1687
2205 1686 2206
1686 2207 2206
2207 2208 2206
2208 2209 2206
2209 2208 2210
2211 2210 2208
2210 2211 2212
2212 2213 2210
2213 2209 2210
2213 2212 2214
2215 2211 2208
2208 2207 2215
2211 2215 2216
2214 2217 2213
2217 2214 2218
2218 2219 2217
2219 2218 2220
2220 2221 2219
2221 2220 2222
2222 2223 2221
2223 2222 2224
2224 2225 2223
2225 2224 2226
2226 2227 2225
2227 2226 2228
2228 2229 2227
2229 2228 2230
2230 2231 2229
2231 2230 2232
2232 2233 2231
2233 2232 2234
2235 2233 2234
2233 2235 2236
2237 2236 2235
2236 2237 2238
2239 2238 2237
2238 2239 2240
2241 2240 2239
2240 2241 2242
2241 2243 2242
2243 2241 2244
2244 2245 2243
2245 2244 2246
2233 2247 2231
2247 2233 2248
2248 2249 2247
2249 2248 2250
2248 2251 2250
2251 2248 2252
2248 2233 2252
2252 2253 2251
2253 2252 2254
2254 2255 2253
2255 2254 2256
2257 2256 2254
2256 2257 2258
2258 2259 2256
2259 2258 2260
2260 2261 2259
2261 2260 2262
2263 2259 2261
2259 2263 2264
2256 2264 2255
2264 2256 2259
2265 2254 2252
2252 2233 2265
2257 2254 2265
2262 2266 2261
2266 2262 2267
2267 2268 2266
2268 2267 2269
2270 2266 2268
2266 2270 2271
2261 2271 2263
2271 2261 2266
2269 2272 2268
2272 2269 2273
2268 2274 2270
2274 2268 2272
2275 2272 2273
2272 2275 2276
2277 2276 2275
2276 2277 2278
2279 2276 2278
2276 2279 2280
2272 2280 2274
2280 2272 2276
2278 2281 2279
2281 2278 2282
2282 2283 2281
2283 2282 2284
2282 2285 2284
2285 2282 2286
2278 2286 2282
2286 2278 2277
2287 2284 2285
2284 2287 2288
2284 2289 2283
2289 2284 2288
2288 2287 2290
2290 2289 2288
2291 2292 2293
2292 2291 2294
2293 2295 2291
2295 2293 2296
2292 2297 2293
2297 2292 2298
2299 2293 2297
2293 2299 2296
2300 2298 2292
2294 2300 2292
2298 2300 2301
2302 2301 2300
2303 2302 2300
2300 2294 2303
2302 2303 2304
2301 2302 2305
2304 2306 2302
2306 2305 2302
2306 2304 2307
2308 2306 2307
2306 2308 2309
2310 2309 2308
2309 2310 2311
2311 2312 2309
2312 2311 2313
2193 2311 2310
2311 2193 2192
2192 2313 2311
2309 2314 2306
2314 2309 2312
2305 2306 2314
2313 2192 2194
1684 2315 2207
2315 1684 1682
1682 2316 2315
2316 1682 1680
1678 2316 1680
2316 1678 2317
2317 1678 1676
2315 2215 2207
2215 2315 2318
2316 2318 2315
2318 2216 2215
2216 2318 2319
2320 2319 2318
2318 2316 2320
2319 2320 2321
2322 2321 2320
2317 1676 2322
2316 2322 2320
2322 2316 2317
2321 2322 2323
1676 2323 2322
2323 1676 2324
1674 2324 1676
2324 1674 2325
2326 2325 2327
2327 2328 2326
2329 2326 2328
2330 2329 2328
2329 2330 2331
2331 2332 2329
2332 2331 2333
2332 2334 2329
2326 2329 2334
2334 2332 2335
2335 2336 2334
2336 2335 2337
2338 2332 2333
2332 2338 2339
2339 2335 2332
2340 2337 2335
2335 2339 2340
2337 2340 2341
2342 2334 2336
2334 2342 2326
2343 2341 2340
2341 2343 2344
2345 2344 2343
2344 2345 2346
2347 2346 2345
2346 2347 2348
2345 2349 2347
2349 2345 2350
2343 2350 2345
2349 2351 2347
2351 2349 2352
2347 2353 2348
2353 2347 2351
2350 2343 2354
2340 2354 2343
2354 2355 2350
2355 2354 2356
2357 2351 2352
2351 2357 2358
2351 2359 2353
2359 2351 2358
2360 2358 2357
2358 2360 2361
2361 2359 2358
2362 2361 2360
2361 2362 2363
2364 2361 2363
2361 2364 2365
2359 2361 2365
2363 2366 2364
2366 2363 2367
2362 2367 2363
2367 2368 2366
2368 2367 2369
2369 2370 2368
2370 2369 2371
2371 2372 2370
2372 2371 2373
2373 2374 2372
2374 2373 2375
2375 2376 2374
2376 2375 2377
2377 2378 2376
2378 2377 2379
2379 2380 2378
2380 2379 2381
2381 2382 2380
2382 2381 2383
2383 2384 2382
2384 2383 2385
2385 2386 2384
2386 2385 2387
2387 2388 2386
2388 2387 2389
2389 2390 2388
2390 2389 2391
2391 2392 2390
2392 2391 2393
2394 2392 2393
2392 2394 2395
2396 2395 2394
2395 2396 2397
2396 2398 2397
2398 2396 2399
2399 2400 2398
2400 2399 2401
2400 2401 2402
2402 2401 2403
2402 2403 2404
2405 2179 2185
2179 2405 1707
2188 2405 2185
2406 2407 2408
2408 2407 2409
2296 2410 2295
2410 2296 2299
2066 2411 2065
2066 2412 2411
2412 2066 2069
2412 2413 2411
96 263 97
263 96 111
260 97 263
97 260 99
2414 2415 2416
2415 2414 2417
2417 2414 2418
2419 2420 2421
2421 2422 2419
2422 2421 2423
2424 2422 2423
2422 2424 2425
2426 2425 2424
2425 2426 2427
2428 2427 2426
2427 2428 2429
2428 2430 2429
2430 2428 2431
2432 2430 2431
2433 2421 2420
2434 2433 2420
2435 2434 2420
17 19 2436
2436 19 313
2436 21 17
21 2436 355
329 355 2436
2436 328 329
2436 313 328
329 342 355
2437 2438 2439
2438 2437 2440
2441 2437 2439
2437 2441 2442
2440 2443 2438
2443 2440 2444
2444 2445 2443
2445 2444 2446
2447 2442 2441
2442 2447 2448
2447 2449 2448
2449 2447 2450
2450 2451 2449
2451 2450 2452
2452 2453 2451
2453 2452 2454
2455 2453 2454
2453 2455 2456
2457 2456 2455
2456 2457 2458
2459 2458 2457
2458 2459 2460
2459 2461 2460
2461 2459 2462
1107 428 425
1103 428 1107
443 428 1103
443 427 428
441 443 2463
1100 2463 443
2463 1100 1099
2463 1099 442
441 2463 442
2464 2465 2466
2465 2464 2467
2468 2467 2464
2467 2468 2469
2470 2466 2465
2466 2470 2471
2472 2469 2468
2469 2472 2473
2474 2473 2472
2473 2474 2475
2476 2475 2474
2475 2476 2477
2476 2478 2477
2478 2476 2479
2479 2480 2478
2480 2479 2481
2482 2480 2481
2480 2482 2483
2484 2483 2482
2485 2471 2470
2471 2485 2486
2487 2486 2485
2486 2487 2488
2489 2488 2487
2488 2489 2490
2491 2490 2489
2490 2491 2492
2493 2492 2491
2492 2493 2494
2495 2494 2493
2494 2495 2496
2496 2495 2497
2498 2499 2500
2499 2498 2501
2501 2502 2499
2502 2501 2503
2504 2503 2501
2503 2504 2505
2506 2501 2498
2501 2506 2504
2507 2505 2504
2506 2507 2504
2505 2507 2508
2509 2508 2507
2508 2509 2510
2507 2511 2509
2511 2507 2512
2507 2506 2512
2513 2499 2502
2499 2513 2514
2515 2514 2513
2514 2515 2516
2517 2516 2515
2516 2517 2518
2519 2518 2517
2518 2519 2520
2521 2520 2519
2520 2521 2522
2523 2522 2521
2522 2523 2524
2525 2524 2523
2524 2525 2526
2523 2527 2525
2527 2523 2528
2529 2525 2527
2525 2529 2530
2530 2526 2525
2526 2530 2531
2532 2530 2529
2530 2532 2533
2533 2531 2530
2534 2533 2532
2533 2534 2535
2535 2536 2533
2531 2533 2536
2536 2535 2537
2538 2535 2534
2535 2538 2539
2539 2537 2535
2537 2539 2540
2541 2539 2538
2539 2541 2542
2543 2542 2541
2542 2543 2544
2545 2542 2544
2542 2545 2546
2546 2539 2542
2547 2544 2543
2544 2547 2548
2548 2545 2544
2549 2548 2547
2548 2549 2550
2550 2551 2548
2545 2548 2551
2551 2550 2552
2550 2553 2552
2550 2554 2553
2549 2554 2550
2555 2540 2539
2539 2546 2555
2556 2555 2546
2555 2556 2557
2557 2558 2555
2558 2557 2559
2560 2559 2557
2559 2560 2561
2562 2561 2560
2561 2562 2563
2560 2564 2562
2564 2560 2565
2565 2557 2556
2557 2565 2560
2563 2566 2561
2566 2563 2567
2564 2568 2562
2568 2564 2569
2570 2568 2569
2568 2570 2571
2562 2571 2563
2562 2568 2571
2572 2567 2563
2570 2572 2571
2571 2572 2563
2567 2572 2573
2572 2570 2573
2561 2566 2574
2575 2576 2577
2578 2577 2576
2577 2578 2579
2580 2579 2578
2579 2580 2581
2528 2581 2580
2579 2582 2577
2583 2577 2582
2582 2515 2583
2513 2583 2515
2583 2513 2584
2515 2582 2517
2577 2583 2585
2584 2585 2583
2575 2577 2585
2586 2575 2585
2585 2584 2586
2575 2586 2587
2588 2517 2582
2582 2579 2588
2517 2588 2519
2502 2584 2513
2584 2502 2589
2589 2586 2584
2503 2589 2502
2589 2503 2590
2505 2590 2503
2505 2591 2590
2508 2591 2505
2591 2508 2592
2510 2592 2508
2592 2510 2593
2586 2589 2594
2590 2594 2589
2594 2587 2586
2594 2590 2595
2591 2595 2590
2595 2591 2596
2592 2596 2591
2596 2592 2597
2593 2597 2592
2597 2593 2598
2596 2599 2595
2599 2596 2600
2595 2601 2594
2601 2595 2599
2600 2602 2599
2602 2600 2603
2599 2604 2601
2604 2599 2602
2602 2605 2604
2605 2602 2606
2603 2606 2602
2607 2597 2598
2597 2607 2608
2608 2603 2600
2596 2608 2600
2608 2596 2597
2603 2608 2609
2607 2609 2608
2610 2604 2605
2604 2610 2611
2611 2601 2604
2612 2611 2610
2611 2612 2613
2613 2614 2611
2601 2611 2614
2614 2613 2615
2615 2587 2614
2587 2615 2575
2616 2575 2615
2575 2616 2617
2615 2618 2616
2618 2615 2613
2619 2616 2618
2616 2619 2620
2620 2617 2616
2618 2621 2619
2621 2618 2622
2622 2613 2612
2613 2622 2618
2594 2614 2587
2614 2594 2601
2623 2619 2621
2619 2623 2624
2624 2620 2619
2625 2624 2623
2624 2625 2626
2626 2627 2624
2620 2624 2627
2627 2626 2628
2629 2627 2628
2627 2629 2630
2628 2631 2629
2631 2628 2632
2632 2633 2631
2633 2632 2634
2628 2635 2632
2635 2628 2626
2635 2634 2632
2634 2635 2636
2626 2637 2635
2637 2626 2625
2638 2635 2637
2635 2638 2636
2634 2639 2633
2639 2634 2640
2640 2641 2639
2641 2640 2642
2642 2643 2641
2643 2642 2644
2640 2645 2642
2645 2640 2646
2634 2646 2640
2646 2634 2636
2642 2647 2644
2647 2642 2645
2646 2648 2645
2648 2646 2649
2636 2649 2646
2649 2636 2638
2650 2645 2648
2645 2650 2647
2644 2651 2643
2651 2644 2652
2653 2644 2647
2644 2653 2652
2647 2654 2653
2654 2647 2650
2652 2655 2651
2655 2652 2656
2652 2657 2656
2657 2652 2653
2658 2656 2657
2657 2659 2658
2659 2657 2660
2660 2653 2654
2653 2660 2657
2656 2658 2661
2658 2662 2661
2662 2663 2661
2663 2656 2661
2656 2663 2655
2663 2662 2664
2665 2664 2662
2664 2665 2666
2662 2658 2667
2662 2667 2665
2668 2658 2659
2658 2668 2667
2668 2665 2667
2665 2668 2666
2500 2669 2670
2669 2500 2499
2671 2672 2673
2672 2671 2674
2674 2675 2672
2675 2674 2676
2673 2677 2671
2677 2673 2678
2676 2679 2675
2679 2676 2680
2680 2681 2679
2681 2680 2682
2682 2683 2681
2683 2682 2684
2684 2685 2683
2685 2684 2686
2687 2683 2685
2685 2688 2687
2688 2685 2689
2686 2689 2685
2690 2687 2688
2687 2690 2691
2691 2692 2687
2683 2687 2692
2692 2681 2683
2692 2691 2693
2693 2694 2692
2681 2692 2694
2694 2679 2681
2694 2693 2695
2695 2696 2694
2696 2695 2697
2697 2698 2696
2698 2697 2699
2699 2700 2698
2700 2699 2701
2701 2702 2700
2702 2701 2703
2703 2704 2702
2704 2703 2705
2679 2694 2696
2696 2675 2679
2675 2696 2698
2698 2672 2675
2672 2698 2700
2700 2673 2672
2673 2700 2702
2704 2673 2702
2673 2704 2678
2706 2678 2704
2678 2706 2707
2704 2708 2706
2705 2708 2704
2678 2707 2677
2705 2709 2708
2710 2711 2712
2711 2710 2713
2714 2711 2713
2714 2715 2711
2716 2714 2713
2712 2717 2710
2717 2712 2718
2718 2719 2717
2720 2717 2719
2717 2720 2721
2721 2710 2717
2719 2718 2722
2722 2689 2719
2689 2722 2688
2723 2688 2722
2722 2724 2723
2724 2722 2725
2725 2726 2724
2726 2725 2727
2727 2728 2726
2728 2727 2729
2688 2723 2690
2719 2730 2720
2730 2719 2689
2689 2686 2730
2731 2728 2729
2731 2729 2732
2710 2721 2733
2733 2734 2710
2734 2733 2735
2735 2736 2734
2736 2735 2737
2737 2738 2736
2738 2737 2739
2740 2738 2739
2741 2742 2743
2742 2741 2744
2745 2744 2741
2744 2745 2746
2745 2747 2746
2747 2745 2748
2748 2749 2747
2750 2743 2742
2751 2752 2750
2752 2751 2753
2753 2751 2754
2755 2750 2752
2756 2757 2758
2757 2756 2759
2758 2760 2756
2760 2758 2761
2761 2762 2760
2762 2761 2763
2759 2764 2757
2764 2759 2765
2765 2766 2764
2766 2765 2767
2767 2768 2766
2768 2767 2769
2769 2770 2768
2770 2769 2771
2771 2772 2770
2772 2771 2773
2773 2774 2772
2774 2773 2775
2775 2776 2774
2776 2775 2777
2777 2778 2776
2778 2777 2779
2778 2779 2780
2781 2782 2783
2782 2781 2784
2781 2785 2784
2785 2781 2786
2787 2781 2783
2781 2787 2788
2788 2786 2781
2789 2788 2787
2788 2789 2790
2790 2791 2788
2786 2788 2791
2791 2790 2792
2793 2790 2789
2790 2793 2794
2794 2792 2790
2792 2794 2795
2796 2782 2784
2782 2796 2797
2798 2797 2796
2797 2798 2799
2796 2800 2798
2800 2796 2801
2802 2799 2798
2799 2802 2803
2798 2804 2802
2804 2798 2800
2784 2801 2796
2801 2784 2785
2805 2803 2802
2803 2805 2806
2807 2806 2805
2806 2807 2808
2805 2809 2807
2809 2805 2810
2802 2810 2805
2810 2802 2804
2811 2807 2809
2807 2811 2812
2812 2808 2807
2808 2812 2813
2814 2812 2811
2812 2814 2815
2815 2813 2812
2816 2815 2814
2815 2816 2817
2817 2818 2815
2813 2815 2818
2818 2817 2819
2817 2816 2820
2820 2819 2817
2521 2581 2523
2523 2581 2528
1082 2821 1083
2821 1082 1080
1080 2822 2821
2822 1080 1078
1078 2823 2822
2823 1078 1077
2609 2824 2825
2825 2826 2609
2827 2609 2826
2609 2827 2603
2606 2603 2827
2609 2607 2824
2828 2829 2830
2829 2828 2831
2830 2832 2828
2832 2830 2833
2833 2834 2832
2834 2833 2835
2835 2836 2834
2836 2835 2837
2837 2838 2836
2838 2837 2839
2839 2840 2838
2840 2839 2841
2841 2842 2840
2842 2841 2843
2843 2844 2842
2844 2843 2845
2845 2846 2844
2846 2845 2847
2847 2848 2846
2848 2847 2849
2849 2850 2848
2850 2849 2851
2851 2852 2850
2831 2853 2829
2853 2831 2854
2855 2853 2854
2855 2856 2853
2853 2856 2857
2855 2854 2858
2617 2620 2859
2627 2859 2620
2859 2627 2630
2860 2861 2862
2861 2860 2863
2863 2864 2861
2864 2863 2865
2865 2866 2864
2866 2865 2867
2868 2866 2867
2866 2868 2869
2870 2869 2868
2869 2870 2871
2870 2872 2871
2872 2870 2873
2873 2874 2872
2874 2873 2875
2875 2876 2874
2876 2875 2877
2878 2879 2880
2879 2878 2881
2882 2880 2879
2880 2882 2883
2884 2883 2882
2883 2884 2885
2884 2886 2885
2886 2884 2887
2887 2888 2886
2888 2887 2889
2889 2890 2888
2890 2889 2891
2891 2892 2890
2892 2891 2893
2893 2894 2892
2894 2893 2895
2896 2894 2895
2894 2896 2897
2898 2897 2896
2897 2898 2899
2900 2899 2898
2899 2900 2901
2902 2901 2900
2903 2904 2905
2904 2903 2906
2907 2906 2903
2906 2907 2908
2909 2908 2907
2908 2909 2910
2911 2905 2904
2905 2911 2912
2881 2912 2911
2912 2881 2878
2913 2914 2915
2914 2913 2916
2917 2913 2915
2913 2917 2918
2919 2918 2917
2918 2919 2920
2919 2921 2920
2921 2919 2922
2922 2923 2921
2923 2922 2924
2925 2923 2924
2923 2925 2926
2927 2926 2925
2926 2927 2928
2927 2929 2928
2929 2927 2930
2930 2931 2929
2931 2930 2932
2933 2931 2932
2931 2933 2934
2935 2934 2933
2934 2935 2936
2935 2937 2936
2938 2939 2940
2939 2938 2941
2941 2942 2939
2942 2941 2943
2943 2944 2942
2944 2943 2945
2940 2946 2938
2946 2940 2947
2947 2916 2946
2916 2947 2914
2948 2949 2950
2949 2948 2951
2951 2952 2949
2952 2951 2953
2950 2954 2948
2954 2950 2955
2953 2956 2952
2956 2953 2957
2955 2958 2954
2958 2955 2959
2960 2961 2962
2961 2960 2963
2963 2964 2961
2964 2963 2965
2966 2964 2965
2964 2966 2967
2968 2967 2966
2967 2968 2969
2970 2969 2968
2969 2970 2971
2970 2972 2971
2972 2970 2973
2974 2972 2973
2972 2974 2975
2974 2976 2975
2976 2974 2977
2977 2978 2976
2978 2977 2979
2967 2980 2964
2980 2961 2964
2961 2980 2981
2981 2962 2961
2962 2981 2982
2962 2982 2983
2962 2983 2984
2983 2985 2984
2985 2983 2986
2986 2987 2985
2987 2986 2988
2989 2976 2978
2976 2989 2990
2990 2975 2976
2975 2990 2991
2992 2975 2991
2975 2992 2972
2993 2972 2992
2972 2993 2971
2994 2971 2993
2971 2994 2969
2995 2969 2994
2969 2995 2967
2980 2967 2995
2988 2996 2987
2997 2987 2996
2987 2997 2998
2998 2985 2987
2985 2998 2999
2999 2984 2985
2984 2999 3000
3000 2962 2984
2962 3000 2960
2996 3001 2997
3001 2996 3002
2996 3003 3002
3003 2996 3004
2996 2988 3004
3002 3003 3005
3006 3007 3008
3007 3009 3008
3008 2979 3006
2979 3008 2978
3009 2978 3008
2978 3009 2989
2540 2555 2558
1067 3010 1069
3010 1067 3011
3012 1069 3010
1069 3012 1071
1065 3011 1067
3011 1065 1064
3012 1073 1071
1073 3012 3013
1051 3013 3012
3013 1051 1052
1052 3014 3013
3014 1052 3015
3016 3014 3015
3014 3016 3017
3018 3017 3016
3017 3018 3019
3020 3014 3017
3019 3020 3017
3014 3020 1075
1075 3013 3014
3013 1075 1073
3020 3019 3021
1061 3011 1064
3011 1061 1062
1062 3010 3011
3010 1062 1063
1063 3012 3010
3012 1063 1051
3022 3023 3024
3023 3022 3025
3023 3026 3024
3026 3023 3027
3027 3028 3026
3028 3027 3029
3023 3030 3027
3030 3029 3027
3030 3023 3031
3029 3030 3032
3033 3025 3022
3025 3033 3034
3035 3034 3033
3034 3035 3036
3037 3036 3035
3036 3037 3038
3039 3025 3034
3025 3039 3040
3041 3029 3032
3029 3041 3042
3042 3028 3029
3043 3042 3041
3042 3043 3044
3044 3045 3042
3028 3042 3045
3046 3044 3043
3044 3046 3047
3048 3047 3046
3047 3048 3049
3050 3049 3048
3049 3050 3051
3052 3051 3050
3051 3052 3053
3053 3054 3051
3054 3053 3055
3056 3053 3052
3053 3056 3057
3057 3055 3053
3056 3058 3057
3058 3059 3057
3055 3057 3059
3060 3051 3054
3051 3060 3049
3049 3060 3047
3058 3061 3059
3059 3062 3055
3062 3059 3061
3055 3063 3054
3063 3055 3062
3064 3054 3063
3064 3060 3054
3064 3065 3060
3047 3060 3065
3047 3065 3066
3047 3066 3044
3044 3066 3045
3067 3066 3065
3065 3064 3067
3066 3067 3068
3068 3045 3066
3045 3068 3069
3069 3028 3045
3028 3069 3070
3070 3026 3028
3026 3070 3071
3071 3024 3026
3024 3071 3072
3073 3024 3072
3073 3022 3024
3073 3033 3022
3033 3073 3074
3075 3033 3074
3033 3075 3035
3076 3035 3075
3035 3076 3037
3077 3037 3076
3037 3077 3078
3077 3079 3078
3079 3077 3080
3080 3081 3079
3081 3080 3082
3082 3083 3081
3083 3082 3084
3085 3083 3084
3083 3085 3086
3087 3086 3085
3086 3087 3088
3078 3038 3037
3038 3078 3089
3079 3089 3078
3090 3038 3089
3038 3090 3091
3092 3090 3089
3089 3079 3092
3081 3092 3079
3090 3092 3093
3094 3093 3092
3092 3081 3094
3083 3094 3081
3093 3094 3095
3094 3096 3095
3096 3094 3097
3094 3083 3097
3086 3097 3083
3098 3096 3097
3097 3086 3098
3088 3098 3086
3096 3098 3099
3098 3100 3099
3100 3098 3101
3098 3088 3101
3091 3036 3038
3091 3102 3036
3102 3034 3036
3034 3102 3039
3103 3104 3105
3104 3103 3106
3106 3107 3104
3107 3106 3108
3109 3107 3108
3105 3110 3103
3110 3105 3111
3110 3111 3112
3110 3112 3113
3113 3112 3114
3115 3114 3112
3115 3116 3114
3115 3117 3116
3117 3118 3116
3118 3117 3119
3120 3118 3119
3118 3120 3121
3122 3121 3120
3121 3122 3123
3122 3124 3123
3124 3122 3125
3126 3124 3125
3124 3126 3127
3128 3127 3126
3127 3128 3129
3125 3122 3130
3131 3130 3122
3128 3132 3129
3132 3128 3133
3133 3134 3132
3134 3133 3135
3135 3136 3134
3136 3135 3137
3137 3138 3136
3138 3137 3139
3139 3140 3138
3140 3139 3141
3141 3142 3140
3142 3141 3143
3143 3144 3142
3144 3143 3145
3142 3144 3146
3147 3148 3131
3148 3147 3149
3149 3150 3148
3150 3149 3151
3151 3152 3150
3152 3151 3153
3153 3154 3152
3154 3153 3155
3155 3156 3154
3156 3155 3157
3157 3158 3156
3158 3157 3159
3159 3160 3158
3160 3159 3161
3161 3162 3160
3162 3161 3163
3164 3162 3163
3025 3165 3023
3025 3166 3165
3166 3025 3040
3167 3168 3169
3170 3168 3167
3171 3169 3168
3169 3171 3172
3168 3173 3171
3173 3168 3170
3174 3172 3171
3173 3174 3171
3172 3174 3175
3174 3176 3175
3176 3174 3177
3174 3178 3177
3178 3174 3179
3174 3173 3179
3177 3180 3176
3180 3177 3181
3181 3182 3180
3182 3181 3183
3181 3184 3183
3184 3181 3185
3177 3185 3181
3185 3177 3178
3186 3182 3183
3182 3186 3187
3188 3187 3186
3187 3188 3189
3190 3188 3186
3183 3190 3186
3190 3183 3184
3188 3190 3191
3192 3189 3188
3191 3192 3188
3189 3192 3193
3194 3193 3192
3193 3194 3195
3196 3194 3192
3192 3191 3196
3194 3196 3197
3198 3199 3200
3199 3198 3201
3202 3200 3199
3201 3203 3199
3203 3201 3204
3202 3199 3205
3205 3199 3203
3206 3207 3208
3209 3208 3207
3208 3210 3206
3210 3211 3206
3211 3210 3212
3213 3211 3212
3211 3213 3214
3215 3214 3213
3214 3215 3216
3217 3216 3215
3216 3217 3218
3217 3219 3218
3219 3217 3220
3220 3221 3219
3222 3210 3208
3222 3208 3223
3222 3223 3224
3225 3224 3223
3225 3223 3226
3226 3227 3225
3227 3226 3228
3229 3227 3228
3227 3229 3230
3231 3230 3229
3230 3231 3232
3233 3232 3231
3232 3233 3234
3233 3235 3234
3235 3233 3236
3236 3237 3235
3237 3236 3238
3238 3239 3237
3239 3238 3240
3240 3241 3239
3241 3240 3242
3242 3243 3241
3243 3242 3244
3244 3245 3243
3245 3244 3246
3246 3247 3245
3247 3246 3248
3248 3249 3247
3249 3248 3250
3251 3249 3250
3252 3253 3254
3253 3252 3255
3256 3254 3253
3254 3256 3257
3258 3257 3256
3257 3258 3259
3258 3260 3259
3260 3258 3261
3261 3262 3260
3262 3261 3263
3252 3264 3255
3264 3252 3265
3265 3266 3264
3266 3265 3267
3267 3268 3266
3268 3267 3269
3269 3270 3268
3270 3269 3271
3271 3272 3270
3272 3271 3273
3274 3272 3273
3272 3274 3275
3267 3276 3269
3276 3267 3277
3271 3278 3273
3278 3271 3279
3279 3269 3276
3269 3279 3271
3280 3267 3265
3267 3280 3277
3265 3281 3280
3282 3273 3278
3273 3282 3274
3283 3274 3282
3274 3283 3284
3284 3275 3274
3285 3284 3283
3284 3285 3286
3286 3287 3284
3275 3284 3287
3287 3286 3288
3289 3288 3286
3288 3289 3290
3291 3290 3289
3290 3291 3292
3289 3293 3291
3294 3291 3293
3291 3294 3295
3295 3292 3291
3293 3289 3296
3296 3286 3285
3286 3296 3289
3292 3295 3297
3298 3295 3294
3298 3297 3295
3281 3265 3252
3254 3281 3252
3281 3254 3299
3257 3299 3254
3299 3257 3300
3259 3300 3257
3300 3259 3301
3260 3301 3259
3301 3260 3302
3262 3302 3260
3302 3262 3303
3304 3303 3262
3263 3304 3262
3304 3263 3305
3305 3306 3304
3306 3305 3307
3307 3308 3306
3308 3307 3309
3309 3310 3308
3310 3309 3311
3312 3310 3311
3310 3312 3313
3310 3314 3308
3314 3310 3315
3310 3313 3315
3313 3316 3315
3317 3308 3314
3308 3317 3306
3317 3304 3306
3304 3317 3318
3303 3304 3318
3223 3207 3319
3226 3223 3319
3210 3222 3320
3320 3212 3210
3212 3320 3321
3321 3213 3212
3213 3321 3322
3322 3215 3213
3215 3322 3323
3323 3217 3215
3217 3323 3324
3324 3220 3217
3220 3324 3325
3325 3326 3220
3220 3326 3221
3326 3325 3327
3122 3328 3147
3131 3122 3147
3329 3330 3331
3330 3329 3332
3333 3332 3329
3332 3333 3334
3335 3334 3333
3334 3335 3336
3334 3337 3332
3337 3334 3338
3339 3334 3336
3334 3339 3338
3336 3340 3339
3340 3336 3341
3342 3340 3341
3341 3343 3342
3344 3342 3343
3342 3344 3345
3343 3341 3346
3336 3346 3341
3346 3336 3335
3340 3342 3347
3345 3347 3342
3347 3348 3340
3348 3347 3349
3345 3349 3347
3349 3345 3350
3351 3350 3345
3350 3351 3352
3353 3352 3351
3351 3354 3353
3354 3351 3355
3345 3355 3351
3355 3345 3344
3352 3353 3356
3356 3357 3352
3357 3356 3358
3359 3358 3356
3358 3359 3360
3361 3356 3353
3356 3361 3359
3353 3362 3361
3362 3353 3354
3363 3360 3359
3360 3363 3364
3365 3359 3361
3359 3365 3363
3361 3366 3365
3366 3361 3362
3367 3352 3357
3352 3367 3350
3368 3364 3363
3364 3368 3369
3370 3368 3363
3370 3363 3365
3371 3365 3366
3365 3371 3372
3370 3365 3372
3373 3350 3367
3350 3373 3349
3374 3349 3373
3349 3374 3348
3375 3348 3374
3348 3375 3376
3377 3376 3375
3376 3377 3378
3379 3378 3377
3378 3379 3380
3381 3378 3380
3380 3382 3381
3382 3380 3383
3378 3381 3384
3384 3376 3378
3380 3385 3383
3385 3380 3379
3386 3381 3382
3381 3386 3387
3387 3384 3381
3384 3387 3388
3389 3384 3388
3384 3389 3390
3376 3384 3390
3389 3340 3390
3340 3376 3390
3383 3391 3382
3391 3383 3392
3393 3391 3392
3392 3394 3393
3394 3392 3395
3383 3395 3392
3395 3383 3385
3391 3393 3396
3397 3391 3396
3391 3397 3398
3399 3396 3393
3396 3399 3400
3401 3400 3399
3400 3401 3402
3401 3403 3402
3403 3404 3402
3404 3400 3402
3404 3403 3405
3406 3403 3401
3403 3406 3405
3399 3406 3401
3406 3399 3407
3393 3407 3399
3407 3393 3394
3400 3404 3408
3408 3396 3400
3396 3408 3397
3398 3382 3391
3382 3398 3386
3409 3410 3411
3412 3411 3410
3411 3412 3413
3414 3413 3412
3413 3414 3415
3416 3415 3414
3415 3416 3417
3418 3417 3416
3417 3418 3419
3409 3411 3420
3419 3421 3417
3421 3419 3422
3419 3423 3422
3423 3419 3424
3337 3423 3424
3423 3337 3425
3338 3425 3337
3425 3338 3426
3415 3427 3413
3427 3415 3428
3428 3417 3421
3427 3411 3413
3411 3427 3420
3417 3428 3415
3424 3332 3337
3332 3424 3429
3419 3429 3424
3429 3419 3418
3338 3389 3426
3339 3389 3338
3339 3340 3389
3376 3340 3348
3430 3431 3432
3433 3430 3432
3434 3435 3436
3435 3434 3437
3436 3438 3434
3438 3436 3439
3439 3440 3438
3440 3439 3441
3441 3442 3440
3442 3441 3443
3443 3444 3442
3444 3443 3445
3445 3446 3444
3446 3445 3447
3447 3448 3446
3448 3447 3449
3450 3448 3449
3448 3450 3451
3450 3452 3451
3452 3450 3453
3453 3454 3452
3454 3453 3455
3455 3456 3454
3456 3455 3457
3457 3458 3456
3458 3457 3459
3459 3460 3458
3460 3459 3461
3461 3462 3460
3462 3461 3463
3464 3460 3462
3460 3464 3465
3465 3458 3460
3458 3465 3466
3466 3456 3458
3456 3466 3467
3467 3454 3456
3454 3467 3468
3468 3452 3454
3452 3468 3469
3469 3451 3452
3451 3469 3470
3470 3448 3451
3448 3470 3471
3471 3446 3448
3446 3471 3472
3472 3444 3446
3444 3472 2383
2383 3442 3444
3442 2383 2381
2381 3440 3442
3440 2381 2379
2379 3438 3440
3438 2379 2377
2377 3434 3438
3434 2377 2375
2375 3437 3434
3437 2375 2373
2373 3473 3437
3474 3437 3473
3473 3475 3474
3475 3473 3476
3476 3477 3475
3477 3476 3478
3478 3479 3477
3479 3478 2362
2360 3479 2362
3479 2360 3480
2357 3480 2360
3480 2357 3481
2352 3481 2357
3481 2352 3482
2349 3482 2352
3482 2349 3483
2350 3483 2349
3483 2350 2355
2369 3478 3476
3476 2371 2369
3478 2369 2367
2367 2362 3478
3473 2373 2371
2371 3476 3473
3484 3485 3486
3485 3484 3487
3486 3488 3484
3488 3486 3489
3490 3488 3489
3491 3490 3489
3489 3486 3491
3491 3486 3492
3486 3485 3492
3492 3485 3463
3490 3491 3493
3490 3493 3494
3487 3462 3485
3463 3485 3462
3462 3487 3464
3495 3496 3497
3496 3498 3497
3498 3496 3499
3499 3500 3498
3500 3499 3501
3501 3502 3500
3502 3501 3503
3503 3504 3502
3504 3503 3505
3505 3506 3504
3506 3505 3507
3508 3506 3507
3506 3508 3509
3506 3509 3510
3508 3511 3509
3511 3508 3512
3513 3511 3512
3511 3513 3514
3515 3514 3513
3514 3515 3516
3515 3517 3516
3517 3515 3518
3519 3517 3518
3510 3520 3506
3520 3510 3521
3521 3522 3520
3522 3521 3523
3524 3522 3523
3522 3524 3525
3526 3525 3524
3525 3526 3527
3528 3527 3526
3527 3528 3529
3528 3530 3529
3530 3528 3531
3531 3532 3530
3532 3531 3533
3533 3534 3532
3534 3533 3535
3536 3537 3538
3537 3539 3538
3539 3537 3540
3540 3541 3539
3541 3540 3542
3542 3543 3541
3543 3542 3544
3545 3543 3544
3543 3545 3546
3547 3546 3545
3546 3547 3548
3547 3549 3548
3549 3547 3550
3550 3551 3549
3551 3550 3552
3553 3551 3552
3551 3553 3554
3553 3555 3554
3555 3553 3556
3556 3557 3555
3557 3556 3558
3558 3559 3557
3559 3558 3560
3560 3561 3559
3561 3560 3562
3562 3563 3561
3563 3562 3564
3564 3565 3563
3565 3564 3566
3567 3565 3566
3565 3567 3568
3569 3568 3567
3568 3569 3570
3571 3570 3569
3572 3571 3569
3567 3572 3569
3570 3571 3573
3572 3567 3574
3575 3574 3567
3575 3567 3566
3562 3576 3564
3576 3577 3564
3566 3577 3575
3564 3577 3566
3576 3562 3578
3578 3579 3576
3579 3578 3580
3581 3580 3578
3580 3581 3582
3331 3582 3581
3582 3331 3330
3578 3560 3581
3560 3578 3562
3558 3581 3560
3581 3558 3331
3556 3331 3558
3331 3556 3329
3553 3329 3556
3329 3553 3333
3552 3333 3553
3333 3552 3335
3552 3346 3335
3346 3552 3550
3547 3346 3550
3346 3547 3343
3545 3343 3547
3343 3545 3344
3544 3344 3545
3344 3544 3355
3542 3355 3544
3355 3542 3354
3540 3354 3542
3354 3540 3362
3537 3362 3540
3362 3537 3366
3536 3366 3537
3366 3536 3371
3536 3538 3583
2354 2340 2339
2339 2356 2354
2356 2339 2338
3584 3585 3586
3587 3585 3584
3585 3587 3588
3587 3589 3588
3589 3587 3590
3590 3591 3589
3591 3590 3592
3437 3474 3435
3593 2330 2328
2330 3593 3594
2328 2327 3593
3595 3594 3593
3594 3595 3596
3597 3593 2327
3593 3597 3595
2325 3597 2327
3598 3596 3595
2325 2326 2342
3599 3600 3601
3600 3599 3602
3601 3603 3599
3603 3601 3604
3605 3603 3604
3603 3605 3606
3607 3606 3605
3606 3607 3608
3609 3608 3607
3608 3609 3610
3611 3610 3609
3610 3611 3612
3610 3612 3613
3602 3614 3600
3614 3602 3615
3616 3614 3615
3616 3617 3614
3576 3618 3577
3618 3576 3579
3619 3577 3618
3577 3619 3575
3620 3575 3619
3575 3620 3574
3572 3574 3620
3621 3622 3623
3622 3621 3624
3625 3623 3622
3623 3625 3626
3627 3626 3625
3626 3627 3628
3629 3628 3627
3628 3629 3630
3631 3624 3621
3624 3631 3632
3633 3632 3631
3632 3633 3634
3634 3635 3632
3635 3634 3636
3636 3634 3637
3634 3638 3637
3634 3633 3638
3639 3632 3635
3632 3639 3624
3639 3622 3624
3622 3639 3640
3641 3622 3640
3622 3641 3625
3642 3625 3641
3625 3642 3627
3643 3627 3642
3627 3643 3629
3644 3629 3643
3629 3644 3645
3646 3645 3644
3645 3646 3647
3648 3647 3646
3647 3648 3649
3650 3649 3648
3649 3650 3651
3652 3651 3650
3651 3652 3653
3654 3653 3652
3653 3654 3655
3655 3656 3653
3656 3655 3657
3658 3657 3655
3657 3658 3659
3660 3659 3658
3659 3660 3661
3662 3655 3654
3655 3662 3658
3658 3663 3660
3663 3658 3662
3656 3664 3653
3653 3664 3651
3664 3665 3651
3666 3661 3660
3661 3666 3667
3668 3667 3666
3667 3668 3669
3666 3670 3668
3670 3666 3671
3660 3671 3666
3671 3660 3663
3672 3669 3668
3669 3672 3673
3668 3674 3672
3674 3668 3670
3675 3673 3672
3673 3675 3676
3677 3676 3675
3676 3677 3678
3675 3679 3677
3679 3675 3680
3680 3672 3674
3672 3680 3675
3681 3678 3677
3678 3681 3682
3683 3682 3681
3682 3683 3684
3681 3685 3683
3685 3681 3686
3677 3686 3681
3686 3677 3679
3687 3684 3683
3684 3687 3688
3688 3687 3689
3687 3690 3689
3683 3690 3687
3690 3683 3685
3645 3630 3629
3630 3645 3691
3647 3691 3645
3691 3647 3692
3649 3692 3647
3692 3649 3665
3651 3665 3649
3692 3693 3691
3693 3692 3694
3692 3695 3694
3695 3692 3696
3696 3697 3695
3697 3696 3698
3698 3699 3697
3699 3698 3700
3700 3701 3699
3701 3700 3702
3702 3703 3701
3703 3702 3704
3702 3705 3704
3706 3704 3705
3704 3706 3707
3704 3707 3708
3708 3703 3704
3709 3707 3706
3707 3709 3710
3710 3708 3707
3708 3710 3711
3712 3711 3710
3711 3712 3713
3713 3712 3714
3715 3713 3714
3715 3716 3713
3717 3713 3716
3713 3717 3711
3716 3718 3717
3719 3717 3718
3717 3719 3720
3720 3711 3717
3711 3720 3708
3721 3720 3719
3720 3721 3703
3703 3708 3720
3718 3716 3722
3716 3723 3722
3723 3716 3724
3715 3724 3716
3712 3725 3714
3725 3712 3726
3710 3726 3712
3726 3710 3709
3727 3724 3715
3724 3727 3728
3728 3723 3724
3723 3728 3729
3730 3723 3729
3723 3730 3731
3732 3727 3715
3733 3728 3727
3728 3733 3734
3734 3729 3728
3735 3734 3733
3733 3736 3735
3736 3733 3737
3727 3737 3733
3737 3727 3732
3734 3735 3738
3738 3739 3734
3729 3734 3739
3739 3730 3729
3739 3738 3740
3740 3741 3739
3730 3739 3741
3741 3740 3742
3743 3738 3735
3738 3743 3744
3744 3740 3738
3745 3744 3743
3744 3745 3746
3745 3747 3746
3746 3748 3744
3740 3744 3748
3748 3742 3740
3748 3746 3749
3747 3749 3746
3743 3750 3745
3750 3747 3745
3750 3743 3751
3747 3750 3752
3749 3753 3748
3742 3748 3753
3753 3749 3754
3747 3754 3749
3754 3747 3752
3735 3751 3743
3751 3735 3736
3755 3756 3757
3756 3755 3758
3756 3759 3757
3760 3757 3759
3757 3760 3761
3755 3757 3761
3759 3756 3762
3763 3762 3756
3763 3756 3758
3762 3763 3764
3765 3764 3763
3766 3765 3763
3763 3758 3766
3766 3758 3767
3765 3766 3768
3768 3769 3765
3769 3768 3770
3771 3769 3770
3769 3771 3772
3773 3772 3771
3772 3773 3774
3775 3774 3773
3774 3775 3776
3777 3774 3776
3774 3777 3778
3778 3772 3774
3772 3778 3779
3780 3772 3779
3772 3780 3769
3781 3769 3780
3769 3781 3765
3764 3765 3781
3782 3783 3784
3783 3782 3785
3786 3784 3783
3784 3786 3787
3788 3782 3784
3782 3788 3789
3790 3784 3787
3784 3790 3788
3791 3785 3782
3789 3791 3782
3785 3791 3792
3793 3792 3791
3791 3794 3793
3794 3791 3795
3791 3789 3795
3792 3793 3796
3793 3797 3796
3797 3793 3798
3798 3799 3797
3799 3798 3800
3801 3800 3798
3793 3801 3798
3801 3793 3794
3800 3801 3802
3803 3800 3802
3800 3803 3804
3804 3805 3800
3799 3800 3805
3803 3806 3804
3807 3804 3806
3807 3808 3804
3804 3808 3805
3808 3807 3809
3718 3805 3808
3805 3718 3722
3722 3723 3805
3719 3808 3809
3808 3719 3718
3721 3719 3809
3809 3810 3721
3810 3809 3807
3806 3810 3807
3731 3805 3723
3811 3721 3810
3721 3811 3701
3701 3703 3721
3811 3699 3701
3699 3811 3812
3812 3697 3699
3697 3812 3813
3813 3695 3697
3695 3813 3814
3814 3694 3695
3694 3814 3815
3694 3815 3693
3810 3816 3811
3816 3810 3817
3810 3806 3817
3818 3811 3816
3811 3818 3812
3812 3819 3813
3819 3812 3818
3813 3820 3814
3820 3813 3819
3814 3821 3815
3821 3814 3820
3821 3693 3815
3693 3821 3822
3823 3824 3825
3826 3825 3824
3826 3824 2239
3824 2241 2239
3824 2244 2241
2244 3824 3827
3827 3824 3823
3827 2246 2244
2246 3827 3828
3828 3829 2246
3830 2246 3829
3831 3830 3829
3832 3831 3829
3832 3833 3831
3833 3832 3834
3835 3834 3832
3834 3835 3836
3834 3837 3833
3837 3834 3838
3836 3838 3834
3838 3839 3837
3839 3838 3840
3841 3840 3838
3838 3836 3841
3840 3841 3842
3840 3843 3839
3843 3840 3844
3842 3844 3840
3844 3845 3843
3845 3844 3846
3845 3846 3847
3848 3846 3844
3844 3842 3848
3846 3848 3849
3847 3846 3849
3832 3850 3835
3850 3832 3829
3829 3828 3850
3851 3852 3853
3854 3852 3851
3851 3855 3854
3855 3856 3854
3856 3857 3854
3858 3857 3856
3857 3858 3859
3860 3859 3858
3859 3860 3861
3862 3861 3860
3861 3862 3863
3864 3863 3862
3863 3864 3865
3866 3865 3864
3865 3866 3867
3868 3867 3866
3867 3868 3869
3870 3869 3868
3869 3870 3871
3872 3871 3870
3873 3874 3875
3875 3830 3873
3875 2245 3830
2245 3875 3876
3877 2245 3876
2245 3877 2243
2242 2243 3877
3873 3878 3874
3878 3873 3879
3879 3880 3878
3880 3879 3881
3881 3882 3880
3882 3881 3883
3884 3882 3883
3882 3884 3885
3885 3884 3886
3830 2245 2246
3887 3888 3889
3888 3887 3890
3889 3891 3887
3891 3889 3892
3892 3893 3891
3893 3892 3894
3894 3895 3893
3895 3894 3896
3897 3895 3896
3895 3897 3898
3898 3897 3899
3900 3898 3899
3890 3901 3888
3901 3890 3902
3902 3903 3901
3903 3902 3904
3903 3904 3905
3900 3899 3906
3823 3900 3906
3906 3827 3823
3907 3908 3909
3908 3907 3910
3907 3911 3910
3911 3907 3912
3909 3913 3907
3913 3912 3907
3913 3909 3914
3914 3915 3913
3915 3916 3913
3912 3913 3916
3916 3915 3917
3915 3914 3918
3714 3917 3915
3918 3714 3915
3917 3714 3725
3714 3918 3715
3919 3910 3911
3908 3910 3919
3705 3702 3920
3700 3920 3702
3920 3700 3921
3698 3921 3700
3921 3698 3922
3696 3922 3698
3922 3696 3923
2217 3924 2213
3924 2217 3925
2219 3925 2217
3925 2219 3926
2221 3926 2219
3926 2221 3927
2223 3927 2221
3927 2223 3928
2225 3928 2223
3928 2225 3929
2227 3929 2225
3929 2227 3930
3931 3930 2227
2227 2229 3931
2231 3931 2229
3931 2231 2247
2247 3932 3931
3930 3931 3932
3932 2247 2249
2209 2213 3924
3933 3934 3935
3934 3936 3935
2235 3937 2237
3937 2235 3938
2234 3938 2235
3938 2234 3939
2234 3940 3939
3940 2234 2232
2230 3940 2232
3826 2237 3937
2237 3826 2239
3787 3786 3941
3942 3787 3941
3787 3942 3790
3942 3941 3943
3944 3945 3946
3945 3944 3947
3947 3948 3945
3949 3950 3951
3950 3949 3952
3951 3953 3949
3953 3951 3954
3954 3955 3953
3955 3954 3956
3956 3957 3955
3957 3956 3958
3958 3959 3957
3959 3958 3960
3960 3961 3959
3961 3960 3962
3962 3963 3961
3963 3962 3964
3964 3965 3963
3965 3964 3966
3967 3965 3966
3965 3967 3968
3969 3968 3967
3968 3969 3970
3969 3971 3970
3971 3969 3972
3972 3973 3971
3973 3972 3974
3974 3975 3973
3975 3974 3976
3976 3977 3975
3977 3976 3978
3978 3979 3977
3979 3978 3980
3980 3981 3979
3981 3980 3982
3981 3982 3983
3984 3982 3980
3981 3984 3979
3982 3984 3985
3982 3985 3983
3981 3983 3985
3984 3981 3985
3980 3986 3984
3986 3980 3978
3986 3979 3984
3979 3986 3977
3987 3978 3976
3978 3987 3986
3974 3987 3976
3987 3977 3986
3977 3987 3975
3987 3974 3988
3988 3975 3987
3975 3988 3973
3972 3988 3974
3988 3972 3989
3969 3989 3972
3989 3969 3990
3969 3991 3990
3991 3969 3967
3967 3992 3991
3992 3967 3966
3964 3992 3966
3992 3964 3993
3962 3993 3964
3993 3962 3994
3960 3994 3962
3994 3960 3995
3958 3995 3960
3995 3958 3996
3956 3996 3958
3996 3956 3997
3954 3997 3956
3997 3954 3998
3951 3998 3954
3998 3951 3999
3950 3999 3951
3999 3950 4000
4000 3950 4001
3950 3952 4001
3952 4000 4001
4000 3949 3999
3949 4000 3952
3999 3953 3998
3953 3999 3949
3998 3955 3997
3955 3998 3953
3997 3957 3996
3957 3997 3955
3959 3996 3957
3996 3959 3995
3961 3995 3959
3995 3961 3994
3963 3994 3961
3994 3963 3993
3965 3993 3963
3993 3965 3992
3968 3992 3965
3992 3968 3991
3970 3991 3968
3991 3970 3990
3971 3990 3970
3990 3971 3989
3973 3989 3971
3989 3973 3988
4002 4003 4004
4003 4002 4005
4006 4004 4003
4004 4006 4007
4008 4007 4006
4007 4008 4009
4010 4009 4008
4009 4010 4011
4012 4011 4010
4011 4012 4013
4014 4013 4012
4013 4014 4015
4016 4015 4014
4015 4016 4017
4018 4017 4016
4017 4018 4019
4018 4020 4019
4020 4018 4021
4021 4022 4020
4022 4021 4023
4024 4022 4023
4022 4024 4025
4026 4025 4024
4025 4026 4027
4028 4027 4026
4027 4028 4029
4030 4029 4028
4029 4030 4031
4032 4031 4030
4031 4032 4033
4034 4033 4032
4033 4034 4035
4034 4036 4035
4035 4037 4033
4037 4034 4032
4037 4035 4038
4035 4036 4038
4034 4038 4036
4034 4037 4038
4039 4033 4037
4033 4039 4031
4032 4039 4037
4039 4032 4030
4031 4040 4029
4040 4031 4039
4040 4027 4029
4030 4040 4039
4040 4030 4028
4027 4040 4041
4028 4041 4040
4041 4028 4026
4041 4025 4027
4025 4041 4042
4042 4022 4025
4022 4042 4043
4044 4022 4043
4022 4044 4020
4045 4020 4044
4020 4045 4019
4045 4017 4019
4017 4045 4046
4046 4015 4017
4015 4046 4047
4047 4013 4015
4013 4047 4048
4048 4011 4013
4011 4048 4049
4049 4009 4011
4009 4049 4050
4050 4007 4009
4007 4050 4051
4051 4004 4007
4004 4051 4052
4052 4002 4004
4002 4052 4053
4053 4054 4002
4002 4054 4005
4005 4054 4053
4003 4053 4052
4053 4003 4005
4006 4052 4051
4052 4006 4003
4008 4051 4050
4051 4008 4006
4010 4050 4049
4050 4010 4008
4049 4012 4010
4012 4049 4048
4048 4014 4012
4014 4048 4047
4047 4016 4014
4016 4047 4046
4046 4018 4016
4018 4046 4045
4045 4021 4018
4021 4045 4044
4044 4023 4021
4023 4044 4043
4043 4024 4023
4024 4043 4042
4042 4026 4024
4026 4042 4041
4055 4056 4057
4056 4055 4058
4059 4058 4055
4058 4059 4060
4061 4060 4059
4060 4061 4062
4063 4062 4061
4062 4063 4064
4065 4064 4063
4064 4065 4066
4065 4067 4066
4067 4065 4068
4068 4069 4067
4069 4068 4070
4070 4071 4069
4071 4070 4072
4072 4073 4071
4073 4072 4074
4074 4075 4073
4075 4074 4076
4076 4077 4075
4077 4076 4078
4079 4077 4078
4077 4079 4080
4081 4080 4079
4080 4081 4082
4081 4083 4082
4083 4081 4084
4084 4085 4083
4085 4084 4086
4086 4087 4085
4087 4086 4088
4089 4087 4088
4086 4090 4088
4089 4088 4090
4087 4089 4090
4090 4085 4087
4090 4086 4091
4084 4091 4086
4085 4090 4091
4091 4084 4092
4092 4085 4091
4085 4092 4083
4084 4093 4092
4093 4084 4081
4093 4083 4092
4083 4093 4082
4081 4094 4093
4094 4081 4079
4094 4082 4093
4082 4094 4080
4079 4095 4094
4095 4080 4094
4080 4095 4077
4096 4077 4095
4095 4076 4096
4076 4095 4078
4095 4079 4078
4074 4096 4076
4096 4074 4097
4074 4098 4097
4098 4074 4072
4072 4099 4098
4099 4072 4070
4070 4100 4099
4100 4070 4068
4068 4101 4100
4101 4068 4065
4063 4101 4065
4101 4063 4102
4063 4103 4102
4103 4063 4061
4061 4104 4103
4104 4061 4059
4059 4105 4104
4105 4059 4055
4055 4106 4105
4106 4055 4057
4107 4106 4057
4107 4057 4056
4106 4107 4056
4056 4105 4106
4060 4103 4104
4105 4060 4104
4103 4060 4062
4062 4102 4103
4105 4056 4058
4060 4105 4058
4102 4062 4064
4064 4101 4102
4101 4064 4066
4067 4101 4066
4101 4067 4100
4069 4100 4067
4100 4069 4099
4071 4099 4069
4099 4071 4098
4073 4098 4071
4098 4073 4097
4075 4097 4073
4097 4075 4096
4077 4096 4075
4108 4109 4110
4109 4108 4111
4108 4112 4111
4112 4108 4113
4111 4114 4109
4114 4111 4112
4108 4115 4113
4115 4108 4116
4110 4116 4108
4116 4110 4117
4117 4118 4116
4118 4117 4119
4116 4120 4115
4120 4116 4118
4119 4121 4118
4121 4119 4122
4122 4123 4121
4124 4121 4123
4121 4124 4125
4118 4125 4120
4125 4118 4121
4123 4122 4126
4123 4127 4124
4127 4123 4128
4126 4128 4123
4128 4126 4129
4128 4130 4127
4130 4128 4131
4131 4132 4130
4132 4131 4133
4131 4134 4133
4134 4131 4135
4135 4128 4129
4128 4135 4131
4133 4136 4132
4136 4133 4137
4133 4138 4137
4138 4133 4134
4137 4139 4136
4139 4137 4140
4140 4141 4139
4141 4140 4142
4140 4143 4142
4143 4140 4144
4144 4137 4138
4137 4144 4140
4145 4141 4142
4141 4145 4146
4147 4146 4145
4146 4147 4148
4149 4148 4147
4148 4149 4150
4151 4149 4147
4149 4151 4152
4147 4153 4151
4153 4147 4145
4153 4142 4143
4142 4153 4145
4154 4150 4149
4152 4154 4149
4150 4154 4155
4156 4155 4154
4157 4156 4154
4154 4152 4157
4158 4159 4160
4161 4159 4158
4158 4162 4161
4162 4158 4163
4164 4162 4163
4163 4165 4164
4165 4163 4166
4166 4158 4160
4158 4166 4163
4167 4164 4165
4164 4167 4168
4169 4168 4167
4168 4169 4170
4171 4170 4169
4170 4171 4172
4173 4172 4171
4172 4173 4174
4162 4164 4175
4168 4175 4164
4175 4168 4176
4170 4176 4168
4176 4170 4177
4172 4177 4170
4177 4172 4178
4174 4178 4172
4178 4174 4179
4173 4180 4174
4180 4179 4174
4180 4173 4181
4181 4182 4180
4182 4181 4183
4183 4184 4182
4184 4183 4185
4182 4186 4180
4179 4180 4186
4186 4182 4187
4184 4187 4182
4187 4184 4188
4185 4189 4184
4189 4185 4190
4191 4189 4190
4189 4191 4192
4193 4192 4191
4192 4193 4194
4195 4194 4193
4194 4195 4196
4197 4196 4195
4196 4197 4198
4199 4198 4197
4198 4199 4200
4199 4201 4200
4202 4189 4192
4189 4202 4203
4192 4204 4202
4204 4192 4194
4194 4205 4204
4205 4194 4196
4196 4206 4205
4206 4196 4198
4198 4207 4206
4207 4198 4200
4201 4207 4200
4184 4203 4188
4203 4184 4189
4208 4209 4210
4209 4208 4211
4210 4212 4208
4212 4210 4213
4213 4214 4212
4214 4213 4215
4215 4216 4214
4216 4215 4217
4217 4218 4216
4218 4217 4219
4220 4218 4219
4218 4220 4221
4222 4221 4220
4221 4222 4223
4224 4223 4222
4223 4224 4225
4226 4225 4224
4225 4226 4227
4228 4227 4226
4227 4228 4229
4230 4229 4228
4229 4230 4231
4230 4232 4231
4232 4230 4233
4233 4234 4232
4234 4233 4235
4236 4234 4235
4234 4236 4237
4238 4237 4236
4237 4238 4239
4240 4239 4238
4239 4240 4241
4242 4241 4240
4243 4239 4241
4242 4243 4241
4240 4243 4242
4238 4243 4240
4239 4243 4244
4244 4237 4239
4243 4238 4244
4237 4244 4245
4238 4245 4244
4245 4238 4236
4246 4237 4245
4237 4246 4234
4236 4246 4245
4246 4236 4235
4247 4234 4246
4234 4247 4232
4235 4247 4246
4247 4235 4233
4248 4232 4247
4232 4248 4231
4248 4229 4231
4229 4248 4249
4249 4227 4229
4227 4249 4250
4251 4227 4250
4227 4251 4225
4252 4225 4251
4225 4252 4223
4253 4223 4252
4223 4253 4221
4254 4221 4253
4221 4254 4218
4254 4216 4218
4216 4254 4255
4256 4216 4255
4216 4256 4214
4257 4214 4256
4214 4257 4212
4258 4212 4257
4212 4258 4208
4259 4208 4258
4208 4259 4211
4260 4211 4259
4260 4209 4211
4259 4209 4260
4258 4209 4259
4256 4213 4257
4213 4258 4257
4213 4256 4215
4255 4215 4256
4209 4258 4210
4258 4213 4210
4215 4255 4217
4254 4217 4255
4217 4254 4219
4254 4220 4219
4220 4254 4253
4253 4222 4220
4222 4253 4252
4252 4224 4222
4224 4252 4251
4251 4226 4224
4226 4251 4250
4250 4228 4226
4228 4250 4249
4249 4230 4228
4230 4249 4248
4248 4233 4230
4233 4248 4247
4261 4262 4263
4262 4261 4264
4265 4262 4264
4262 4265 4266
4264 4261 4267
4267 4265 4264
4268 4262 4266
4262 4268 4269
4269 4263 4262
4263 4269 4270
4271 4270 4269
4270 4271 4272
4269 4273 4271
4273 4269 4268
4274 4272 4271
4272 4274 4275
4276 4275 4274
4274 4277 4276
4277 4274 4278
4271 4278 4274
4278 4271 4273
4275 4276 4279
4280 4276 4277
4276 4280 4281
4281 4279 4276
4279 4281 4282
4283 4281 4280
4281 4283 4284
4285 4284 4283
4284 4285 4286
4287 4284 4286
4284 4287 4288
4288 4281 4284
4281 4288 4282
4289 4286 4285
4286 4289 4290
4291 4286 4290
4286 4291 4287
4292 4290 4289
4290 4292 4293
4294 4293 4292
4293 4294 4295
4296 4293 4295
4293 4296 4297
4297 4290 4293
4290 4297 4291
4294 4298 4295
4298 4294 4299
4299 4300 4298
4300 4299 4301
4301 4302 4300
4302 4301 4303
4302 4304 4300
4304 4302 4305
4300 4306 4298
4306 4300 4304
4306 4295 4298
4295 4306 4296
4303 4307 4302
4307 4305 4302
4307 4303 4308
4309 4307 4308
4310 4307 4309
4305 4307 4310
4311 4312 4313
4314 4311 4313
4315 4311 4314
4311 4315 4316
4315 4317 4316
4318 4316 4317
4316 4318 4319
4311 4319 4312
4319 4311 4316
4317 4320 4318
4320 4317 4321
4321 4322 4320
4322 4321 4323
4323 4324 4322
4324 4323 4325
4325 4326 4324
4326 4325 4327
4317 4315 4328
4328 4321 4317
4321 4328 4329
4329 4323 4321
4323 4329 4330
4330 4325 4323
4325 4330 4331
4331 4327 4325
4327 4331 4332
4333 4326 4327
4332 4333 4327
4326 4333 4334
4335 4334 4333
4334 4335 4336
4337 4336 4335
4336 4337 4338
4339 4335 4333
4333 4332 4339
4335 4339 4340
4340 4337 4335
4337 4340 4341
4342 4338 4337
4338 4342 4343
4342 4344 4343
4344 4342 4345
4345 4346 4344
4346 4345 4347
4347 4348 4346
4348 4347 4349
4349 4350 4348
4350 4349 4351
4351 4352 4350
4352 4351 4353
4352 4353 4354
4342 4355 4345
4355 4342 4356
4357 4345 4355
4345 4357 4347
4358 4347 4357
4347 4358 4349
4359 4349 4358
4349 4359 4351
4360 4351 4359
4351 4360 4353
4354 4353 4360
4356 4337 4341
4337 4356 4342
4361 4362 4363
4361 4362 4363
4362 4361 4364
4362 4361 4364
4365 4364 4361
4365 4364 4361
4366 4362 4364
4365 4366 4364
4366 4362 4364
4365 4366 4364
4362 4366 4367
4362 4366 4367
4368 4363 4362
4367 4368 4362
4368 4363 4362
4367 4368 4362
4363 4368 4369
4363 4368 4369
4370 4369 4368
4370 4369 4368
4369 4370 4371
4369 4370 4371
4372 4371 4370
4372 4371 4370
4371 4372 4373
4371 4372 4373
4374 4370 4368
4368 4367 4374
4374 4370 4368
4368 4367 4374
4370 4374 4375
4375 4372 4370
4370 4374 4375
4375 4372 4370
4372 4375 4376
4372 4375 4376
4377 4373 4372
4377 4373 4372
4373 4377 4378
4373 4377 4378
4377 4379 4378
4377 4379 4378
4379 4377 4380
4379 4377 4380
4381 4379 4380
4381 4379 4380
4382 4380 4377
4372 4382 4377
4382 4372 4376
4382 4380 4377
4372 4382 4377
4382 4372 4376
4380 4382 4383
4381 4380 4383
4380 4382 4383
4381 4380 4383
4384 4385 4386
4384 4385 4386
4384 4387 4385
4384 4387 4385
4387 4384 4388
4387 4384 4388
4388 4389 4387
4388 4389 4387
4389 4388 4390
4389 4388 4390
4390 4391 4389
4390 4391 4389
4391 4390 4392
4391 4390 4392
4392 4393 4391
4392 4393 4391
4393 4392 4394
4393 4392 4394
4394 4395 4393
4394 4395 4393
4395 4394 4396
4395 4394 4396
4397 4395 4396
4397 4395 4396
4395 4397 4398
4395 4397 4398
4398 4397 4399
4398 4397 4399
4400 4401 4402
4400 4401 4402
4401 4400 4403
4401 4400 4403
4404 4401 4403
4404 4401 4403
4400 4405 4403
4404 4403 4405
4400 4405 4403
4404 4403 4405
4405 4400 4406
4405 4400 4406
4402 4407 4400
4407 4406 4400
4402 4407 4400
4407 4406 4400
4407 4402 4408
4407 4402 4408
4408 4409 4407
4408 4409 4407
4409 4408 4410
4409 4408 4410
4410 4411 4409
4410 4411 4409
4411 4410 4412
4411 4410 4412
4409 4413 4407
4406 4407 4413
4409 4413 4407
4406 4407 4413
4413 4409 4414
4411 4414 4409
4413 4409 4414
4411 4414 4409
4414 4411 4415
4414 4411 4415
4412 4416 4411
4412 4416 4411
4416 4412 4417
4416 4412 4417
4418 4416 4417
4418 4416 4417
4416 4418 4419
4416 4418 4419
4420 4419 4418
4420 4419 4418
4419 4421 4416
4411 4421 4415
4421 4411 4416
4419 4421 4416
4411 4421 4415
4421 4411 4416
4421 4419 4422
4420 4422 4419
4421 4419 4422
4420 4422 4419
4423 4424 4425
4423 4424 4425
4426 4423 4425
4426 4423 4425
4423 4426 4427
4423 4426 4427
4428 4427 4426
4428 4427 4426
4427 4428 4429
4427 4428 4429
4430 4429 4428
4430 4429 4428
4429 4430 4431
4429 4430 4431
4432 4431 4430
4432 4431 4430
4431 4432 4433
4431 4432 4433
4434 4433 4432
4434 4433 4432
4433 4434 4435
4433 4434 4435
4434 4436 4435
4434 4436 4435
4436 4434 4437
4436 4434 4437
4437 4438 4436
4437 4438 4436
4439 4440 4441
4439 4442 4440
4442 4439 4443
4444 4443 4439
4441 4444 4439
4443 4444 4445
4444 4446 4445
4447 4446 4444
4447 4444 4441
4448 4447 4441
4449 4447 4448
4449 4450 4447
4449 4451 4450
4451 4449 4452
4451 4453 4450
4453 4451 4454
4450 4455 4447
4450 4453 4455
4447 4455 4446
4453 4456 4455
4453 4457 4456
4454 4457 4453
4455 4456 4458
4458 4456 4459
4459 4456 4460
4460 4456 4461
4461 4456 4457
4460 4461 4462
4458 4459 4463
4464 4458 4463
4465 4458 4464
4465 4466 4458
4455 4458 4466
4446 4466 4465
4455 4466 4446
4467 4446 4465
4446 4467 4468
4468 4467 4469
4445 4446 4468
4445 4468 4470
4445 4470 4471
4443 4445 4471
4472 4443 4471
4442 4443 4472
4473 4442 4472
4473 4474 4442
4473 4475 4474
4474 4475 4476
4475 4477 4476
4477 4475 4478
4473 4478 4475
4478 4473 4479
4480 4478 4479
4480 4477 4478
4481 4474 4476
4474 4482 4442
4442 4482 4440
4440 4482 4483
4484 4483 4482
4482 4474 4484
4481 4484 4474
4483 4484 4485
4486 4485 4484
4484 4481 4486
4485 4486 4487
4488 4489 4490
4489 4488 4491
4490 4492 4488
4491 4493 4489
4493 4491 4494
4495 4493 4494
4493 4495 4496
4497 4496 4495
4498 4497 4495
4495 4499 4498
4499 4495 4494
4500 4499 4494
4499 4500 4501
4502 4501 4500
4501 4502 4503
4504 4503 4502
4503 4504 4505
4506 4492 4507
4507 4508 4506
4508 4509 4506
4509 4510 4506
4510 4509 4511
4511 4512 4510
4507 4513 4508
4513 4509 4508
4511 4514 4512
4514 4515 4512
4516 4510 4512
4517 4516 4512
4512 4515 4517
4517 4518 4516
4518 4517 4519
4518 4520 4516
4521 4520 4518
4518 4522 4521
4522 4518 4523
4524 4521 4522
4524 4525 4521
4526 4525 4524
4527 4525 4526
4525 4527 4528
4526 4524 4529
4530 4528 4527
4531 4528 4530
4532 4528 4531
4528 4532 4533
4534 4533 4532
4535 4533 4534
4533 4535 4536
4537 4536 4535
4536 4537 4538
4537 4539 4538
4539 4537 4540
4541 4539 4540
4542 4539 4541
4539 4543 4538
4543 4539 4542
4543 4544 4538
4544 4543 4545
4545 4546 4544
4546 4545 4547
4547 4548 4546
4548 4547 4549
4492 4506 4488
4550 4551 4552
4550 4552 4553
4553 4554 4550
4554 4555 4550
4551 4550 4555
4555 4554 4556
4555 4556 4557
4558 4555 4557
4558 4551 4555
4559 4551 4558
4560 4559 4558
4560 4558 4561
4451 4560 4561
4560 4451 4452
4562 4451 4561
4451 4562 4454
4561 4558 4563
4561 4563 4562
4558 4557 4563
4562 4563 4564
4562 4564 4457
4454 4562 4457
4563 4565 4564
4565 4566 4564
4566 4567 4564
4567 4461 4564
4461 4457 4564
4567 4462 4461
4565 4568 4566
4569 4568 4565
4570 4569 4565
4570 4565 4571
4563 4571 4565
4557 4570 4571
4563 4557 4571
4572 4570 4557
4557 4573 4572
4573 4574 4572
4556 4573 4557
4556 4575 4573
4556 4576 4575
4554 4576 4556
4577 4576 4554
4553 4577 4554
4578 4577 4553
4578 4553 4579
4578 4579 4580
4579 4581 4580
4582 4580 4581
4580 4582 4583
4583 4578 4580
4578 4583 4584
4585 4584 4583
4585 4583 4582
4586 4581 4579
4587 4579 4553
4553 4552 4587
4552 4588 4587
4588 4589 4587
4579 4587 4589
4589 4586 4579
4589 4588 4590
4590 4591 4589
4586 4589 4591
4591 4590 4592
4531 4530 4593
4593 4530 4527
4522 4594 4524
4529 4524 4594
4523 4518 4595
4519 4595 4518
2207 1686 1684
1917 4596 4597
4596 1917 4598
3637 4596 4598
4596 3637 3638
1917 4597 1914
4597 1913 1914
