byte offset: 0
first index: 0
index count: 11538
topology: trianglelist
format: DXGI_FORMAT_R16_UINT

0 1 2
0 2 3
4 2 1
2 4 5
5 6 2
6 5 7
8 7 5
7 8 9
5 10 8
10 5 4
11 9 8
10 11 8
9 11 12
11 10 13
14 12 11
13 14 11
12 14 15
14 16 15
17 16 14
14 13 17
18 19 20
18 21 19
19 22 20
22 19 23
24 23 19
23 24 25
25 26 23
26 25 27
28 23 26
23 28 22
27 29 26
29 28 26
29 27 30
28 29 31
30 32 29
32 31 29
32 30 33
32 33 34
35 32 34
31 32 35
36 37 38
36 38 39
38 37 40
39 38 41
41 38 40
41 42 39
41 40 43
44 42 41
45 42 44
46 42 45
44 47 45
44 48 47
48 49 47
49 48 50
51 48 44
44 41 51
43 51 41
51 52 48
52 50 48
53 52 51
51 43 53
50 52 54
54 55 50
55 54 56
56 57 55
57 56 58
58 59 57
59 58 60
60 61 59
61 60 62
62 63 61
64 61 63
64 59 61
65 50 55
50 65 49
66 55 57
55 66 65
59 64 67
67 57 59
57 67 66
68 69 70
68 70 71
70 69 72
73 68 71
68 73 74
73 36 74
36 73 37
75 72 69
72 75 76
77 76 75
76 77 78
79 78 77
78 79 80
79 81 80
81 79 82
80 83 78
83 80 84
81 84 80
84 81 85
86 85 81
82 86 81
85 86 87
88 87 86
87 88 89
78 90 76
90 78 83
91 76 90
91 92 76
91 90 93
90 94 93
95 94 90
83 95 90
95 96 94
95 97 96
98 96 97
96 98 99
99 94 96
95 100 97
100 95 101
101 102 100
101 103 102
104 103 101
104 105 103
106 105 104
106 107 105
108 107 106
108 109 107
110 109 108
110 111 109
112 111 110
113 100 102
114 100 113
115 112 110
112 115 116
110 117 115
117 110 108
104 118 106
108 118 117
118 108 106
118 104 119
101 119 104
119 101 95
116 120 112
120 111 112
120 116 121
122 114 113
114 122 123
122 124 123
122 125 124
98 114 123
126 124 125
124 126 127
126 128 127
126 129 128
128 130 127
130 128 131
130 132 127
127 132 124
124 132 133
124 133 123
98 123 133
134 133 132
99 133 134
133 99 98
135 131 128
131 135 136
137 136 135
136 137 138
139 138 137
138 139 140
141 140 139
140 141 142
143 142 141
142 143 144
143 145 144
145 143 146
146 147 145
147 146 148
149 147 148
147 149 150
149 151 150
152 151 149
148 152 149
139 153 141
153 139 154
141 155 143
155 141 153
143 156 146
156 143 155
157 146 156
146 157 148
152 148 157
137 154 139
154 137 158
135 158 137
158 135 159
128 159 135
159 128 129
160 161 162
163 161 160
161 163 164
165 164 163
164 165 166
167 166 165
166 167 168
169 168 167
168 169 170
171 170 169
170 171 172
173 172 171
172 173 174
175 176 177
175 178 176
177 176 179
180 177 179
180 179 181
176 178 182
176 182 179
179 182 183
181 179 183
183 184 181
184 183 185
185 186 184
186 185 187
187 188 186
188 187 189
189 190 188
190 189 191
191 192 190
192 191 193
193 194 192
194 193 195
195 196 194
196 195 197
197 198 196
198 197 199
200 198 199
200 199 201
187 202 189
202 187 203
189 204 191
204 189 202
205 195 193
205 191 204
191 205 193
195 205 206
206 197 195
197 206 207
207 199 197
199 207 201
185 203 187
203 185 208
183 208 185
208 183 131
182 131 183
131 182 130
182 132 130
182 178 132
134 132 178
134 178 175
209 210 211
210 209 212
210 213 211
213 210 214
215 214 210
212 215 210
214 215 216
93 216 215
216 93 94
215 212 217
217 93 215
218 217 212
217 218 219
219 91 217
93 217 91
91 219 92
220 212 209
212 220 218
216 221 214
221 216 99
94 99 216
214 222 213
222 214 221
223 213 222
213 223 224
225 224 223
224 225 226
226 227 224
211 224 227
224 211 213
228 211 227
220 228 229
228 220 209
211 228 209
230 228 227
227 231 230
227 226 231
228 230 232
232 229 228
233 232 230
233 234 232
233 230 235
236 230 231
230 236 235
237 231 226
231 237 236
229 232 238
239 232 234
232 239 238
240 236 237
237 241 240
242 240 241
242 243 240
244 240 243
245 240 244
236 240 245
243 246 244
247 246 243
242 247 243
248 247 242
247 249 246
250 249 247
248 250 247
251 250 248
251 252 250
253 252 251
254 252 253
254 255 252
252 255 256
250 256 249
256 250 252
254 257 255
257 254 258
257 258 259
260 261 262
260 262 263
261 264 262
264 261 265
265 266 264
266 265 267
267 268 266
268 267 269
269 270 268
270 269 271
271 272 270
272 271 273
273 274 272
274 273 275
275 276 274
276 275 277
276 277 278
279 278 277
276 278 280
278 281 280
281 278 282
279 282 278
282 283 281
283 282 284
285 283 284
286 283 285
285 284 287
287 284 288
287 288 289
290 289 288
288 291 290
290 291 292
293 291 288
293 284 282
284 293 288
282 279 293
279 294 293
291 293 294
289 290 295
292 295 290
295 296 289
296 295 297
289 298 287
298 289 296
299 297 295
295 292 299
297 299 300
291 301 292
301 291 302
301 302 303
300 304 297
304 300 305
305 306 304
306 305 307
307 308 306
308 307 309
310 297 304
297 310 296
311 310 304
312 310 311
313 312 311
314 312 313
314 315 312
315 310 312
316 315 314
316 317 315
317 318 315
310 315 318
318 317 319
319 298 318
298 319 320
320 287 298
287 320 285
318 296 310
296 318 298
313 321 314
321 313 322
322 323 321
323 322 324
325 321 323
321 325 326
327 323 324
323 327 328
329 328 327
330 329 327
331 329 330
331 332 329
332 328 329
332 333 328
323 333 325
333 323 328
326 314 321
314 326 316
334 335 336
336 337 334
338 335 334
336 339 337
336 340 339
341 340 336
336 335 341
334 337 342
334 342 343
338 334 343
344 338 343
344 343 345
343 346 345
343 342 346
347 344 345
347 345 348
349 348 345
345 346 349
350 348 349
351 348 350
340 352 339
352 340 353
353 354 352
355 356 357
358 355 357
359 356 355
356 359 360
355 361 359
361 355 358
362 360 359
360 362 363
364 363 362
363 364 365
364 366 365
366 364 367
368 366 367
366 368 369
370 369 368
369 370 371
372 371 370
371 372 373
374 372 370
372 374 375
376 370 368
370 376 374
377 368 367
368 377 376
378 367 364
367 378 377
364 379 378
379 364 362
380 373 372
373 380 381
382 381 380
381 382 383
380 384 382
384 380 385
372 385 380
385 372 375
359 379 362
379 359 361
386 383 382
383 386 387
382 388 386
388 382 384
388 389 386
389 387 386
389 388 390
390 391 389
391 390 392
392 234 391
234 392 239
233 391 234
391 233 393
391 394 389
394 391 393
387 389 394
395 396 397
398 396 395
397 399 395
399 397 400
400 401 399
401 400 402
402 403 401
403 402 404
404 405 403
405 404 406
406 407 405
407 406 408
409 407 408
407 409 410
409 411 410
411 409 412
411 413 410
413 411 414
410 415 407
415 410 413
415 405 407
405 415 416
416 403 405
403 416 417
417 401 403
401 417 418
418 399 401
399 418 419
419 395 399
395 419 398
420 421 422
420 423 421
421 424 422
423 425 421
425 424 421
425 423 426
425 427 424
428 425 426
429 428 426
430 429 426
428 429 431
428 431 432
433 432 431
432 433 434
435 428 432
428 435 425
435 427 425
435 432 436
434 436 432
437 435 436
427 435 437
436 434 438
439 438 434
438 439 440
441 440 439
440 441 442
443 442 441
442 443 444
445 444 443
444 445 446
446 445 447
448 447 445
443 448 445
449 434 433
434 449 439
450 439 449
439 450 441
448 443 451
451 441 450
441 451 443
452 453 454
452 455 453
453 456 454
452 457 455
457 452 458
420 457 458
457 420 422
456 459 454
459 456 460
460 461 459
461 460 462
462 463 461
463 462 464
465 463 464
463 465 466
467 464 462
464 467 468
468 465 464
465 468 469
470 462 460
462 470 467
471 470 460
471 460 472
471 473 470
470 473 474
475 470 474
475 467 470
475 474 476
477 471 472
471 477 478
478 473 471
479 478 477
478 479 480
473 481 474
481 473 482
480 482 478
473 478 482
482 483 481
483 482 484
482 480 484
485 484 480
484 485 486
487 484 486
484 487 483
488 480 479
480 488 485
489 481 483
481 489 490
483 491 489
491 483 487
487 492 491
492 487 493
486 493 487
490 474 481
474 490 476
488 494 485
494 486 485
494 488 495
493 486 496
486 494 496
494 497 496
496 497 498
497 494 499
495 499 494
500 497 499
500 499 501
500 502 497
497 503 498
503 497 502
504 496 498
496 504 493
505 498 503
498 505 504
499 495 506
507 499 506
499 507 501
508 504 505
505 509 508
509 505 510
503 510 505
511 509 510
511 510 512
513 512 510
514 513 510
510 503 514
512 513 515
516 512 515
511 512 516
517 511 516
516 515 518
519 516 518
517 516 519
520 517 519
520 519 521
518 521 519
522 520 521
523 522 521
523 521 524
521 525 524
521 518 525
526 523 524
523 526 527
526 528 527
529 530 531
531 532 529
532 531 533
533 534 532
534 533 535
535 536 534
536 535 537
537 538 536
538 537 539
539 540 538
540 539 541
541 542 540
542 541 543
544 545 546
544 547 545
548 546 545
546 548 549
550 549 548
549 550 551
552 551 550
551 552 553
554 553 552
553 554 555
556 555 554
555 556 557
558 557 556
557 558 559
560 559 558
559 560 561
560 562 561
563 561 562
560 564 562
565 562 564
562 565 566
566 563 562
567 566 565
566 567 568
569 568 567
568 569 570
570 571 568
570 572 571
573 570 569
570 573 574
574 572 570
572 575 571
571 575 576
575 577 576
576 578 571
578 568 571
568 578 566
563 566 578
563 578 579
578 576 579
575 572 580
580 577 575
581 580 572
572 574 581
580 581 582
582 583 580
577 580 583
583 582 584
585 576 577
576 585 586
585 587 586
588 584 582
584 588 589
590 589 588
589 590 591
592 591 590
591 592 593
594 582 581
582 594 588
595 588 594
596 595 594
597 595 596
598 597 596
598 596 599
594 599 596
600 598 599
600 599 601
602 601 599
599 594 602
601 602 603
574 603 602
603 574 573
602 581 574
581 602 594
604 597 598
597 604 605
606 605 604
605 606 607
604 608 606
608 604 609
609 598 600
598 609 604
606 610 607
610 606 611
612 610 611
613 610 612
614 613 612
614 612 615
615 612 611
615 611 616
606 616 611
616 606 608
617 618 619
618 617 620
621 617 619
618 620 622
618 622 623
624 618 623
618 624 619
617 625 620
617 626 625
621 626 617
627 626 621
627 628 626
626 628 629
626 629 625
630 628 627
630 631 628
632 628 631
628 632 629
633 632 631
634 633 631
635 623 622
623 635 636
636 635 637
638 639 640
641 639 638
640 642 638
642 640 643
644 638 642
638 644 641
643 645 642
645 643 646
646 647 645
647 646 648
649 647 648
647 649 650
649 651 650
651 649 652
652 653 651
653 652 654
654 655 653
655 654 656
655 657 653
657 655 658
653 659 651
659 653 657
651 660 650
660 651 659
650 661 647
661 650 660
662 647 661
647 662 645
656 663 655
663 656 664
664 665 663
665 664 666
667 663 665
663 667 668
668 655 663
655 668 658
662 642 645
642 662 644
666 669 665
669 667 665
669 666 670
667 669 671
672 671 669
670 672 669
671 672 673
674 673 672
673 674 675
501 675 674
675 501 507
674 500 501
500 674 676
677 674 672
674 677 676
672 670 677
678 679 680
680 681 678
681 680 682
593 681 682
681 593 592
683 684 685
686 683 685
687 684 683
684 687 688
689 688 687
688 689 690
691 690 689
690 691 692
693 692 691
692 693 694
695 694 693
694 695 696
695 697 696
697 695 698
699 697 698
697 699 700
701 699 698
699 701 702
703 698 695
698 703 701
693 703 695
703 693 704
691 704 693
704 691 705
689 705 691
705 689 706
687 706 689
706 687 707
683 707 687
707 683 686
708 709 710
711 709 708
712 711 708
713 709 711
714 708 710
712 708 714
714 710 715
712 716 711
716 713 711
716 717 713
718 717 716
719 718 716
720 717 718
721 717 720
719 716 722
722 716 712
721 720 723
724 723 720
724 725 723
723 725 726
726 725 727
726 727 728
728 727 729
728 729 730
730 729 731
730 731 732
732 731 733
732 733 734
734 733 735
734 735 736
736 735 737
736 737 738
739 723 726
739 721 723
740 730 732
734 740 732
730 740 741
741 728 730
740 734 742
743 721 739
744 743 739
728 741 744
721 743 745
745 717 721
717 745 713
726 744 739
744 726 728
737 746 738
747 746 737
748 746 747
749 750 751
751 752 749
749 753 750
753 749 754
749 755 754
755 756 754
756 755 757
758 756 757
756 758 759
760 756 759
756 760 761
754 761 753
761 754 756
762 760 759
758 762 759
760 762 763
764 763 762
765 764 762
762 758 765
764 765 766
764 766 767
764 767 768
769 764 768
763 764 769
769 768 770
770 768 771
771 768 772
772 768 767
772 773 771
770 771 774
774 771 775
771 773 775
775 773 776
774 775 777
775 776 778
778 777 775
778 779 777
778 776 780
778 780 781
781 779 778
781 782 779
780 783 781
781 783 784
784 782 781
782 784 785
786 780 776
780 786 787
787 783 780
783 788 784
788 783 789
789 714 788
715 788 714
788 715 790
790 784 788
784 790 785
714 789 712
783 787 791
791 789 783
789 791 792
792 712 789
712 792 722
776 793 786
793 776 773
773 794 793
794 773 772
772 795 794
795 772 767
767 796 795
796 767 766
766 797 796
797 766 765
765 798 797
798 765 758
757 798 758
798 757 799
755 799 757
799 755 800
749 800 755
800 749 752
801 802 803
804 801 803
805 802 801
802 805 806
807 806 805
806 807 808
807 809 808
809 807 810
810 811 809
811 810 812
812 813 811
813 812 814
814 815 813
815 814 816
816 817 815
817 816 818
818 819 817
819 818 820
821 819 820
819 821 822
823 822 821
822 823 824
825 824 823
824 825 826
827 826 825
826 827 828
827 722 828
722 827 719
827 829 719
829 718 719
718 829 830
830 720 718
720 830 724
829 827 831
832 827 825
827 832 831
833 825 823
825 833 832
823 834 833
834 823 821
821 835 834
835 821 820
820 836 835
836 820 818
818 837 836
837 818 816
816 838 837
838 816 814
812 838 814
838 812 839
810 839 812
839 810 840
807 840 810
840 807 841
807 842 841
842 807 805
801 842 805
842 801 804
843 844 845
846 844 843
844 846 847
846 309 847
309 846 308
86 848 849
86 82 848
86 849 88
849 848 850
850 851 849
852 849 851
88 849 852
851 853 852
853 851 854
855 852 853
852 855 856
856 88 852
121 856 855
856 121 116
853 857 855
857 853 858
858 853 859
859 853 854
855 860 121
860 855 857
861 121 860
862 861 860
861 862 863
121 861 120
861 864 120
865 857 858
859 865 858
857 865 866
860 866 862
866 860 857
867 866 865
866 867 868
868 862 866
862 868 869
869 863 862
863 869 870
871 870 869
870 871 872
873 872 871
871 874 873
874 871 875
876 874 875
877 876 875
875 871 877
877 871 869
877 869 868
876 877 878
868 878 877
878 868 867
874 876 879
880 879 876
880 876 881
881 876 878
881 878 867
879 880 882
872 873 883
880 881 884
885 884 881
884 885 886
887 886 885
886 887 888
888 887 859
859 889 888
859 890 889
859 891 890
859 892 891
890 891 893
893 894 890
895 894 893
896 894 895
894 896 897
895 893 898
893 899 898
893 900 899
900 901 899
901 900 902
896 903 897
904 903 896
904 905 903
905 904 906
907 903 905
905 908 907
908 905 909
906 909 905
909 910 908
910 909 911
912 911 909
909 906 912
911 912 913
903 907 914
897 903 914
902 915 901
916 915 902
916 917 915
917 918 915
918 917 919
920 919 917
919 920 921
922 921 920
921 922 923
924 923 922
923 924 925
926 925 924
925 926 927
928 927 926
926 929 928
77 929 926
924 77 926
929 77 75
927 928 930
69 929 75
929 69 931
931 928 929
932 930 928
928 931 932
933 932 931
932 933 934
933 935 934
935 933 936
936 937 935
937 936 938
939 937 938
937 939 940
935 941 934
941 935 942
943 935 937
935 943 942
940 943 937
930 932 944
934 944 932
944 934 941
68 936 933
68 931 69
931 68 933
936 68 74
74 938 936
938 74 36
36 939 938
939 36 39
939 945 940
945 946 940
943 940 946
946 945 947
945 948 947
948 945 949
945 950 949
950 945 951
952 949 950
949 952 953
954 953 952
953 954 955
954 956 955
956 954 957
954 958 957
959 957 958
957 959 960
960 956 957
958 954 961
962 960 959
960 962 963
963 964 960
956 960 964
964 963 965
966 954 952
954 966 961
952 967 966
967 952 950
968 963 962
963 968 969
969 965 963
970 969 968
969 970 971
972 971 970
973 971 972
974 971 973
971 974 969
965 969 974
950 975 967
975 950 951
951 39 975
39 951 939
945 939 951
100 114 97
97 114 98
87 89 115
115 85 87
85 115 117
117 84 85
84 117 118
119 84 118
84 119 83
95 83 119
115 89 116
116 89 856
88 856 89
241 237 976
226 976 237
976 226 225
468 977 978
977 468 467
979 468 978
468 979 469
467 475 977
504 508 980
980 493 504
493 980 492
120 864 111
981 982 983
981 983 984
984 983 985
981 984 986
986 984 987
981 988 982
988 981 989
986 989 981
989 990 988
990 989 991
991 992 990
992 991 993
993 994 992
994 993 995
995 996 994
997 996 995
998 996 997
999 998 997
1000 998 999
987 1001 986
1001 991 989
989 986 1001
1001 987 1002
1002 1003 1001
991 1001 1003
1003 993 991
1003 1002 1004
1004 1005 1003
1005 995 993
993 1003 1005
1005 1004 1006
1006 1007 1005
1007 997 995
995 1005 1007
1007 1006 1008
1008 1009 1007
1009 999 997
997 1007 1009
1009 1008 1010
1010 1011 1009
999 1009 1011
1011 1010 1012
1011 1013 999
999 1013 1014
999 1014 1000
1013 1011 1015
1012 1015 1011
1015 1016 1013
1013 1016 1017
1013 1017 1018
1014 1013 1018
1016 1019 1017
1017 1019 1020
1021 1020 1019
1017 1020 1022
1022 1018 1017
1022 1023 1018
1024 1023 1022
1025 1024 1022
1025 1022 1020
1026 1025 1020
1026 1020 1021
1027 1026 1021
1027 1021 1028
1028 1021 1019
1029 1028 1019
1029 1019 1016
1018 1023 1030
1016 1031 1029
1031 1016 1015
1015 1012 1031
1032 1030 1023
1032 1033 1030
1033 1032 1034
1034 1035 1033
1035 1034 1036
1014 1030 1037
1014 1037 1000
1037 998 1000
998 1037 1038
1038 996 998
996 1038 1039
1018 1030 1014
1040 996 1039
994 996 1040
1041 1042 1043
1042 1044 1043
1044 1042 1045
1045 1046 1044
1046 1045 1047
1048 1042 1041
1042 1048 1049
1045 1042 1049
1049 1048 1050
1045 1049 1051
1045 1051 1047
1049 1050 1051
1046 1047 1052
1052 1053 1046
1050 1054 1051
1054 1050 1055
1054 1055 1056
1054 1056 1057
1056 1055 1058
1056 1059 1057
1059 1056 1060
1058 1060 1056
1060 1061 1059
1061 1060 1062
1062 1063 1061
1063 1062 1064
1064 1065 1063
1065 1064 1066
1066 1067 1065
1067 1066 1068
1060 1058 1069
1069 1062 1060
1062 1069 1070
1070 1064 1062
1064 1070 1071
1071 1066 1064
1066 1071 1072
1072 1068 1066
1068 1072 1073
1074 1067 1068
1073 1074 1068
1067 1074 1075
1076 1075 1074
1075 1076 1077
1078 1076 1074
1074 1073 1078
1076 1078 1079
1079 1080 1076
1080 1077 1076
1080 1079 1081
1082 1080 1081
1080 1082 1083
1083 1084 1080
1077 1080 1084
1084 1083 1085
1086 1085 1083
1085 1086 1087
1088 1087 1086
1087 1088 1089
1088 1090 1089
1090 1088 1091
1086 1091 1088
1091 1086 1092
1092 1083 1082
1083 1092 1086
1093 1094 1095
1093 1095 1096
1096 1097 1093
1098 1093 1097
1098 1097 1099
1096 1095 1100
1052 1093 1098
1093 1052 1047
1047 1094 1093
1047 1051 1094
1101 1099 1097
1099 1101 1102
1103 1102 1101
1102 1103 1104
1104 1105 1102
1102 1105 1106
1106 1105 1107
1108 1107 1105
1104 1108 1105
1107 1108 1109
1110 1104 1103
1104 1110 1111
1108 1104 1111
1110 1112 1111
1112 1110 1113
1114 1112 1113
1112 1114 1115
1116 1112 1115
1117 1112 1116
1111 1112 1117
1117 1116 1118
1119 1108 1111
1108 1119 1120
1120 1109 1108
1110 1121 1113
1121 1110 1122
1123 1120 1119
1120 1123 1124
1124 1125 1120
1126 1125 1124
1127 1113 1121
1113 1127 1114
1123 1128 1124
1128 1123 1129
1130 1114 1127
1114 1130 1131
1132 1131 1130
1131 1132 1133
1109 1120 1125
1134 1124 1128
1124 1134 1126
1135 1114 1131
1114 1135 1115
1136 1131 1133
1131 1136 1135
1137 1133 1132
1133 1137 1138
1139 1138 1137
1138 1139 1140
1141 1138 1140
1138 1141 1142
1133 1142 1136
1142 1133 1138
1143 1140 1139
1140 1143 1144
1145 1144 1143
1144 1145 1146
1147 1146 1145
1147 1148 1146
1148 1144 1146
1144 1148 1149
1140 1149 1141
1149 1140 1144
1150 1115 1135
1135 1151 1150
1151 1135 1152
1152 1153 1151
1153 1152 1154
1154 1155 1153
1155 1154 1156
1155 1157 1153
1157 1155 1158
1159 1158 1155
1156 1159 1155
1158 1159 1160
1160 1159 1161
1161 1159 1162
1159 1156 1162
1163 1153 1157
1153 1163 1151
1164 1151 1163
1151 1164 1150
1118 1150 1164
1150 1118 1116
1115 1150 1116
1059 1165 1166
1165 1167 1166
1168 1166 1167
1166 1168 1169
1167 1165 1170
1167 1171 1168
1171 1167 1172
1170 1172 1167
1172 1173 1171
1173 1172 1174
1174 1175 1173
1175 1174 1176
1172 1170 1177
1177 1170 1178
1177 1179 1172
1179 1177 1180
1181 1180 1177
1177 1178 1181
1180 1181 1182
1182 1183 1180
1183 1182 1184
1185 1180 1183
1180 1185 1179
1184 1186 1183
1186 1185 1183
1186 1184 1187
1187 1188 1186
1188 1187 1189
1190 1188 1189
1188 1190 1191
1192 1186 1188
1186 1192 1193
1193 1185 1186
1194 1188 1191
1188 1194 1192
1195 1191 1190
1191 1195 1196
1197 1196 1195
1196 1197 1198
1199 1198 1197
1198 1199 1200
1200 1196 1198
1196 1200 1201
1191 1201 1194
1201 1191 1196
1202 1203 1204
1203 1202 1205
1205 1206 1203
1206 1205 1207
1207 1208 1206
1208 1207 1209
1210 1207 1205
1207 1210 1211
1211 1209 1207
1212 1211 1210
1211 1212 1213
1213 1214 1211
1209 1211 1214
1214 1175 1209
1175 1214 1215
1216 1215 1214
1214 1213 1216
1215 1216 1217
1217 1218 1215
1218 1217 1219
1219 1220 1218
1220 1219 1221
1221 1222 1220
1222 1221 1122
1122 1223 1222
1223 1122 1224
1224 1100 1223
1100 1224 1225
1224 1101 1225
1097 1225 1101
1225 1097 1096
1096 1100 1225
1101 1224 1103
1224 1110 1103
1110 1224 1122
1226 1223 1100
1223 1226 1169
1169 1222 1223
1169 1226 1166
1222 1169 1168
1168 1220 1222
1220 1168 1171
1171 1218 1220
1218 1171 1173
1173 1215 1218
1215 1173 1175
1166 1226 1059
1226 1057 1059
1226 1095 1057
1100 1095 1226
1094 1057 1095
1057 1094 1054
1094 1051 1054
1176 1209 1175
1209 1176 1208
1059 1227 1165
1227 1170 1165
1170 1227 1178
1228 1229 1230
1229 1228 1231
1230 1202 1228
1202 1230 1232
1233 1229 1231
1234 1231 1228
1231 1234 1235
1236 1232 1230
1232 1236 1237
1237 1210 1232
1210 1237 1212
1238 1230 1229
1230 1238 1236
1239 1238 1229
1239 1229 1233
1239 1233 1240
1233 1231 1241
1240 1233 1241
1241 1231 1235
1232 1205 1202
1205 1232 1210
1204 1228 1202
1228 1204 1234
1242 1243 1244
1242 1245 1243
1246 1244 1243
1245 1246 1243
1244 1246 1247
1246 1245 1248
1248 1249 1246
1249 1247 1246
1249 1248 1250
1250 1251 1249
1251 1252 1249
1247 1249 1252
1252 1251 1253
1251 1250 1254
1254 1128 1251
1128 1254 1134
1251 1129 1253
1129 1251 1128
1053 1098 1255
1098 1053 1052
1099 1255 1098
1255 1099 1256
1102 1256 1099
1256 1102 1106
1257 1258 1259
1258 1257 1260
1261 1260 1257
1257 1262 1261
1262 1257 1263
1259 1263 1257
1263 1264 1262
1264 1263 1265
1265 1266 1264
1266 1265 1267
1267 1268 1266
1268 1267 1269
1269 1270 1268
1270 1269 1271
1271 1272 1270
1272 1271 1273
1274 1269 1267
1269 1274 1275
1275 1271 1269
1271 1275 1276
1276 1273 1271
1277 1270 1272
1272 1278 1277
1278 1272 1279
1273 1279 1272
1279 1280 1278
1280 1279 1281
1270 1277 1282
1282 1268 1270
1268 1282 1283
1283 1266 1268
1266 1283 1284
1273 1276 1285
1285 1286 1273
1279 1273 1286
1286 1281 1279
1286 1285 1287
1284 1264 1266
1264 1284 1288
1288 1262 1264
1262 1288 1072
1072 1261 1262
1261 1072 1071
1071 1289 1261
1289 1071 1070
1070 1069 1289
1260 1261 1289
1287 1290 1286
1281 1286 1290
1290 1291 1281
1291 1290 1292
1293 1292 1290
1290 1287 1293
1292 1293 1294
1295 1281 1291
1296 1295 1291
1296 1291 1292
1296 1292 1294
1281 1295 1280
1289 1297 1260
1289 1069 1297
1297 1069 1058
1297 1058 1298
1058 1299 1298
1299 1058 1055
1055 1050 1299
1300 1298 1299
1300 1299 1301
1301 1299 1050
1050 1048 1301
1302 1301 1048
1302 1048 1303
1303 1048 1041
1303 1041 1043
1301 1302 1304
1298 1300 1305
1297 1298 1305
1306 1305 1300
1301 1306 1300
1304 1306 1301
1307 1306 1304
1308 1306 1307
1309 1306 1308
1308 1307 1310
1308 1311 1309
1311 1308 1312
1310 1312 1308
1312 1313 1311
1313 1312 1314
1314 1315 1313
1315 1314 1316
1312 1310 1317
1317 1314 1312
1314 1317 1318
1318 1316 1314
1316 1318 1319
1319 1320 1316
1320 1319 1321
1322 1316 1320
1316 1322 1315
1320 1323 1322
1323 1320 1324
1321 1324 1320
1324 1325 1323
1325 1324 1326
1327 1326 1324
1324 1321 1327
1326 1327 1328
1328 1329 1326
1329 1328 1330
1331 1326 1329
1326 1331 1325
1330 1332 1329
1332 1330 1333
1333 1334 1332
1334 1333 1335
1336 1334 1335
1334 1336 1337
1337 1332 1334
1332 1337 1338
1329 1338 1331
1338 1329 1332
1339 1340 1341
1340 1339 1342
1342 1343 1340
1343 1342 1344
1341 1345 1339
1345 1341 1346
1346 1347 1345
1347 1346 1348
1348 1349 1347
1349 1348 1350
1350 1351 1349
1351 1350 1352
1352 1353 1351
1353 1352 1354
1354 1355 1353
1355 1354 1356
1356 1357 1355
1357 1356 1358
1358 1359 1357
1359 1358 1360
1360 1361 1359
1362 1357 1359
1362 1359 1363
1363 1359 1361
1361 1305 1363
1363 1305 1364
1305 1306 1364
1365 1362 1363
1363 1364 1365
1362 1365 1366
1366 1367 1362
1357 1362 1367
1367 1355 1357
1367 1366 1368
1368 1369 1367
1369 1368 1370
1370 1371 1369
1371 1370 1372
1372 1373 1371
1373 1372 1374
1374 1375 1373
1375 1374 1376
1376 1377 1375
1377 1376 1378
1378 1379 1377
1379 1378 1380
1380 1381 1379
1381 1380 1382
1382 1383 1381
1383 1382 1384
1384 1385 1383
1385 1384 1386
1386 1387 1385
1388 1385 1387
1385 1388 1344
1344 1383 1385
1387 1386 1389
1390 1344 1388
1391 1390 1388
1391 1388 1387
1391 1387 1389
1344 1390 1343
1342 1381 1383
1383 1344 1342
1381 1342 1339
1339 1379 1381
1379 1339 1345
1345 1377 1379
1377 1345 1347
1347 1375 1377
1375 1347 1349
1349 1373 1375
1373 1349 1351
1351 1371 1373
1371 1351 1353
1353 1369 1371
1369 1353 1355
1355 1367 1369
1297 1305 1392
1392 1260 1297
1260 1392 1258
1393 1265 1263
1265 1393 1394
1263 1259 1393
1394 1267 1265
1267 1394 1274
1395 1396 1397
1398 1396 1395
1396 1398 1399
1400 1399 1398
1399 1400 1401
1400 1402 1401
1402 1400 1403
1403 1404 1402
1404 1403 1405
1405 1406 1404
1406 1405 1407
1407 949 1406
949 1407 948
1408 1409 1410
1411 1410 1409
1410 1411 1412
1413 1412 1411
1412 1413 1414
1415 1414 1413
1414 1415 1416
1415 1417 1416
1417 1415 1418
1418 1419 1417
1419 1418 1420
1421 1419 1420
1422 1423 1424
1423 1425 1424
1425 1426 1424
1426 1425 1427
1428 1424 1426
1424 1428 1422
1427 1429 1426
1429 1427 1430
1430 1431 1429
1432 1429 1431
1429 1432 1433
1433 1426 1429
1426 1433 1428
1431 1430 1434
1434 1435 1431
1435 1434 1436
1436 1437 1435
1437 1438 1435
1438 1431 1435
1431 1438 1432
1438 1437 1439
1437 1440 1439
1440 1437 1441
1437 1436 1442
1441 1443 1440
1443 1441 1444
1444 1445 1443
1445 1446 1443
1446 1445 1447
1445 1448 1447
1448 1445 1449
1445 1444 1450
1451 1443 1446
1443 1451 1452
1453 1452 1451
1452 1453 1454
1455 1454 1453
1454 1455 1456
1457 1456 1455
1456 1457 1458
1457 1459 1458
1459 1457 1460
1445 1461 1449
1461 1462 1449
1462 1461 1463
1464 1462 1463
1462 1464 1465
1466 1465 1464
1465 1466 1467
1466 1468 1467
1468 1466 1469
1470 1465 1467
1465 1470 1471
1465 1472 1462
1472 1465 1471
1467 1473 1470
1473 1467 1468
1468 1474 1473
1474 1468 1475
1469 1475 1468
1475 1476 1474
1476 1475 1477
1477 1475 1478
1475 1469 1478
1478 1479 1477
1479 1478 459
1477 1480 1476
1480 1477 1481
1479 1481 1477
1481 1482 1480
1482 1481 1483
1478 454 459
454 1478 1469
1469 452 454
452 1469 1466
1466 458 452
458 1466 1464
1463 458 1464
458 1463 420
1461 420 1463
420 1461 423
1450 423 1461
1461 1445 1450
423 1450 1484
1444 1484 1450
1484 1444 1485
1441 1485 1444
1485 1441 1486
1437 1486 1441
1486 1437 1442
1487 1488 1489
1489 1460 1487
1460 1489 1459
1449 1472 1448
1472 1449 1462
1490 1491 1492
1490 1493 1491
1494 1492 1491
1492 1494 1495
1496 1495 1494
1495 1496 1497
1494 1498 1496
1498 1494 1499
1491 1499 1494
1499 1491 1493
1500 1497 1496
1497 1500 1501
1502 1501 1500
1501 1502 1503
1504 1503 1502
1503 1504 1505
1502 1506 1504
1506 1502 1507
1500 1507 1502
1507 1500 1508
1496 1508 1500
1508 1496 1498
1509 1505 1504
1505 1509 1510
1511 1510 1509
1510 1511 1512
1509 1513 1511
1513 1509 1514
1504 1514 1509
1514 1504 1506
1511 1515 1512
1515 1511 1516
1516 1517 1515
1517 1516 1518
1516 1519 1518
1519 1516 1520
1511 1520 1516
1520 1511 1513
1518 1521 1517
1521 1518 1522
1523 1518 1519
1518 1523 1522
1522 1524 1521
1524 1522 1525
1525 1526 1524
1526 1525 1527
1525 1528 1527
1528 1525 1529
1529 1522 1523
1522 1529 1525
1527 1530 1526
1530 1527 1531
1531 1532 1530
1532 1531 1533
1533 1534 1532
1533 1531 1535
1535 1527 1528
1527 1535 1531
1535 1536 1533
1537 1538 1539
1538 1540 1539
1540 1538 1541
1541 1542 1540
1542 1541 1543
1543 1544 1542
1544 1543 1545
1545 1546 1544
1546 1545 1547
1547 1548 1546
1548 1547 1549
1549 1550 1548
1550 1549 1551
1551 1552 1550
1552 1551 1553
1554 1552 1553
1552 1554 1555
1556 1555 1554
1555 1556 1557
1558 1557 1556
1557 1558 1559
1560 1559 1558
1559 1560 1561
1562 1561 1560
1561 1562 1563
1562 1564 1563
1564 1562 1565
1564 1565 1566
1567 1568 1537
1567 1569 1568
1569 1567 1570
1570 1571 1569
1571 1570 1572
1572 1573 1571
1573 1572 1574
1574 1575 1573
1575 1574 1576
1576 1577 1575
1577 1576 1578
1578 1579 1577
1579 1578 1580
1580 1581 1579
1581 1580 1582
1583 1581 1582
1581 1583 1584
1585 1584 1583
1584 1585 1586
1587 1586 1585
1586 1587 1588
1589 1588 1587
1588 1589 1590
1591 1590 1589
1590 1591 1592
1593 1594 1595
1594 1593 1596
1596 1593 1597
1598 1596 1597
1598 1599 1596
1598 1597 1600
1595 1594 1601
1599 1602 1596
1602 1599 1603
1603 1599 1604
1603 1604 1605
1606 1605 1604
1603 1605 1607
1606 1604 1608
1606 1608 1609
1610 1608 1604
1609 1608 1611
1609 1611 1612
1612 1611 1613
1612 1613 1614
1614 1613 1615
1614 1615 1616
1616 1615 1617
1618 1616 1617
1618 1617 1619
1619 1620 1618
1619 1621 1620
1621 1622 1620
1622 1621 1623
1623 1624 1622
1624 1623 1625
1624 1625 1626
1626 1625 1627
1628 1626 1627
1626 1628 1629
1630 1629 1628
1629 1630 1631
1632 1631 1630
1631 1632 1633
1634 1621 1619
1621 1634 1635
1634 1632 1635
1630 1635 1632
1635 1623 1621
1636 1633 1632
1632 1634 1636
1633 1636 1637
1638 1637 1636
1637 1638 1639
1638 1640 1639
1640 1638 1641
1641 1642 1640
1642 1641 1643
1643 1644 1642
1644 1643 1645
1645 1646 1644
1646 1645 1647
1647 1648 1646
1648 1647 1649
1649 1600 1648
1600 1649 1598
1650 1643 1641
1643 1650 1651
1651 1645 1643
1652 1647 1645
1645 1651 1652
1647 1652 1610
1610 1649 1647
1649 1610 1604
1649 1599 1598
1599 1649 1604
1651 1611 1652
1611 1651 1613
1650 1613 1651
1608 1652 1611
1652 1608 1610
1613 1650 1615
1653 1615 1650
1641 1653 1650
1653 1641 1638
1636 1653 1638
1653 1636 1634
1619 1653 1634
1653 1619 1617
1615 1653 1617
1654 1655 1656
1655 1654 1657
1657 1654 1658
1656 1655 1659
1602 1656 1659
1656 1602 1660
1603 1660 1602
1660 1603 1607
1661 1657 1658
1657 1661 1662
1663 1657 1662
1657 1663 1664
1659 1596 1602
1596 1659 1594
1655 1594 1659
1594 1655 1601
1601 1657 1664
1657 1601 1655
1665 1595 1601
1595 1665 1666
1667 1666 1665
1666 1667 1668
1669 1668 1667
1668 1669 1670
1671 1670 1669
1670 1671 1672
1673 1672 1671
1672 1673 1674
1675 1674 1673
1674 1675 1676
1677 1676 1675
1676 1677 1678
1679 1678 1677
1678 1679 1680
1681 1680 1679
1680 1681 1682
1683 1682 1681
1682 1683 1684
1683 1685 1684
1685 1683 1686
1686 1687 1685
1687 1686 1688
1688 1689 1687
1689 1688 1690
1689 1690 1691
1692 1693 1694
1692 1694 1695
1696 1692 1695
1696 1695 1697
1698 1697 1695
1698 1695 1699
1700 1698 1699
1701 1700 1699
1697 1702 1696
1702 1697 1703
1704 1702 1703
1702 1704 1705
1703 1706 1704
1706 1703 1707
1697 1707 1703
1707 1697 1698
1708 1704 1706
1704 1708 1709
1709 1705 1704
1710 1709 1708
1711 1709 1710
1705 1709 1711
1712 1713 1714
1715 1712 1714
1712 1715 1716
1717 1716 1715
1716 1717 1718
1718 1719 1716
1719 1718 1720
1721 1719 1720
1719 1721 1722
1721 1723 1722
1723 1724 1722
1724 1719 1722
1724 1723 1725
1726 1725 1723
1727 1726 1723
1723 1721 1727
1726 1727 1728
1729 1726 1728
1726 1729 1730
1731 1730 1729
1730 1731 1732
1733 1732 1731
1732 1733 1734
1734 1735 1732
1735 1734 1736
1737 1736 1734
1733 1737 1734
1736 1737 1738
1739 1732 1735
1732 1739 1730
1740 1730 1739
1730 1740 1726
1725 1726 1740
1737 1733 1741
1741 1742 1737
1742 1738 1737
1742 1741 1743
1743 1744 1742
1742 1744 1745
1746 1742 1745
1738 1742 1746
1747 1746 1745
1744 1743 1748
1743 1749 1748
1748 1750 1744
1751 1752 1753
1754 1751 1753
1751 1754 1755
1754 1756 1755
1756 1754 1757
1757 1758 1756
1758 1757 1759
1759 1760 1758
1760 1759 1761
1762 1763 1764
1765 1762 1764
1762 1765 1766
1767 1766 1765
1766 1767 1768
1769 1768 1767
1768 1769 1770
1771 1770 1769
1770 1771 1772
1714 1772 1771
1772 1714 1713
1773 1714 1771
1714 1773 1715
1774 1715 1773
1773 1775 1774
1775 1773 1776
1771 1776 1773
1776 1777 1775
1777 1776 1778
1779 1778 1776
1776 1771 1779
1778 1779 1780
1780 1781 1778
1781 1780 1782
1715 1774 1717
1783 1778 1781
1778 1783 1777
1784 1783 1781
1782 1784 1781
1783 1784 1785
1786 1785 1784
1785 1786 1787
1788 1787 1786
1787 1788 1789
1790 1789 1788
1788 1791 1790
1792 1786 1784
1784 1782 1792
1786 1792 1793
1788 1793 1791
1793 1788 1786
1794 1795 1796
1794 1797 1795
1795 1797 1798
1797 1794 1799
1799 1800 1797
1801 1800 1799
1802 1800 1801
1803 1799 1794
1799 1803 1804
1805 1804 1803
1804 1805 1806
1805 1807 1806
1807 1805 1808
1809 1804 1806
1804 1809 1810
1810 1799 1804
1799 1810 1801
1811 1806 1807
1806 1811 1809
1808 1812 1807
1812 1808 1813
1813 1814 1812
1814 1813 1815
1816 1814 1815
1814 1816 1817
1818 1807 1812
1807 1818 1811
1819 1812 1814
1812 1819 1818
1820 1814 1817
1814 1820 1819
1817 1821 1820
1821 1817 1822
1817 1823 1822
1823 1817 1816
1823 1824 1822
1824 1821 1822
1824 1823 1825
1826 1824 1825
1824 1826 1827
1828 1827 1826
1827 1828 1829
1829 1830 1827
1830 1829 1831
1830 1831 1832
1821 1824 1833
1827 1833 1824
1833 1827 1830
1831 1834 1832
1834 1831 1835
1835 1836 1834
1836 1835 1837
1837 1838 1836
1838 1837 1839
1840 1831 1829
1831 1840 1835
1829 1841 1840
1841 1829 1828
1842 1840 1841
1840 1842 1843
1843 1835 1840
1844 1843 1842
1843 1844 1845
1845 1846 1843
1835 1843 1846
1846 1845 1847
1848 1847 1845
1847 1848 1849
1845 1850 1848
1850 1845 1844
1850 1851 1848
1851 1849 1848
1851 1850 1852
1852 1853 1851
1853 1852 1854
1854 1855 1853
1855 1854 1856
1857 1855 1856
1855 1857 1858
1853 1859 1851
1849 1851 1859
1859 1853 1860
1855 1860 1853
1860 1855 1858
1861 1862 1863
1864 1863 1862
1863 1864 1865
1866 1865 1864
1865 1866 1867
1868 1867 1866
1867 1868 1869
1870 1869 1868
1869 1870 1871
1872 1871 1870
1871 1872 1873
1872 1874 1873
1874 1872 1875
1875 1876 1874
1876 1875 1877
1877 1878 1876
1878 1877 1879
1879 1880 1878
1881 1880 1879
1882 1880 1881
1883 1880 1882
1881 1879 1884
1884 1882 1881
1884 1879 1885
1882 1884 1886
1887 1882 1886
1882 1887 1888
1888 1883 1882
1883 1888 1889
1879 1890 1885
1890 1879 1891
1891 1892 1890
1892 1891 1893
1893 1894 1892
1894 1893 1895
1895 1896 1894
1896 1895 1897
1898 1896 1897
1896 1898 1899
1900 1899 1898
1899 1900 1901
1902 1901 1900
1901 1902 1903
1904 1903 1902
1903 1904 1905
1904 1906 1905
1907 1908 1909
1910 1909 1908
1909 1910 1911
1912 1911 1910
1911 1912 1913
1914 1913 1912
1913 1914 1915
1916 1915 1914
1915 1916 1917
1918 1917 1916
1917 1918 1919
1920 1919 1918
1919 1920 1921
1922 1921 1920
1921 1922 1923
1924 1923 1922
1923 1924 1925
1926 1927 1928
1926 1929 1927
1930 1929 1926
1930 1931 1929
1932 1929 1931
1932 1933 1929
1934 1933 1932
1935 1933 1934
1936 1931 1930
1931 1936 1937
1936 1938 1937
1938 1936 1939
1940 1937 1938
1937 1940 1941
1941 1931 1937
1931 1941 1932
1938 1942 1940
1942 1938 1943
1939 1943 1938
1944 1942 1943
1945 1944 1943
1943 1939 1945
1946 1947 1948
1949 1947 1946
1949 1950 1947
1949 1951 1950
1950 1951 1952
1952 1951 1953
1953 1951 1954
1954 1955 1953
1955 1954 1956
1957 1955 1956
1955 1957 1958
1959 1958 1957
1958 1959 1960
1961 1960 1959
1960 1961 1962
1963 1962 1961
1962 1963 1964
1965 1964 1963
1964 1965 1966
1965 1967 1966
1968 1966 1967
1969 1953 1955
1953 1969 1970
1971 1953 1970
1953 1971 1952
1972 1952 1971
1952 1972 1973
1972 1974 1973
1974 1972 1975
1975 1976 1974
1976 1975 1977
1977 1978 1976
1979 1966 1968
1966 1979 1964
1979 1962 1964
1962 1979 1980
1980 1960 1962
1960 1980 1981
1981 1958 1960
1958 1981 1982
1982 1955 1958
1955 1982 1969
1947 1950 1973
1973 1950 1952
1983 1984 1985
1986 1983 1985
1983 1986 1987
1988 1987 1986
1987 1988 1989
1990 1989 1988
1989 1990 1991
1992 1991 1990
1991 1992 1993
1994 1993 1992
1993 1994 1995
1996 1995 1994
1995 1996 1997
1998 1997 1996
1997 1998 1999
2000 1999 1998
1999 2000 2001
2000 2002 2001
2002 2000 2003
2003 2004 2002
2004 2003 2005
2005 2006 2004
2006 2005 2007
2007 2008 2006
2008 2007 2009
2009 2010 2008
2010 2009 2011
2011 2012 2010
2012 2011 2013
2013 2014 2012
2014 2013 2015
2015 2016 2014
2016 2015 2017
2017 2018 2016
2018 2017 2019
2020 2018 2019
2018 2020 2021
2022 2021 2020
2021 2022 2023
2024 2025 2026
2027 2025 2024
2025 2027 2028
2029 2028 2027
2028 2029 2030
2029 2031 2030
2031 2029 2032
2033 2031 2032
2031 2033 2034
2031 2034 2035
2034 2036 2035
2037 2036 2034
2036 2037 2038
2039 2038 2037
2038 2039 2040
2041 2040 2039
2040 2041 2042
2041 2043 2042
2043 2041 2044
2044 2045 2043
2045 2044 2046
2046 2047 2045
2047 2046 2048
2047 2048 2049
2050 2049 2048
2037 2051 2039
2051 2037 2052
2034 2052 2037
2052 2034 2033
2041 2053 2044
2053 2041 2054
2055 2044 2053
2044 2055 2046
2048 2055 2050
2055 2048 2046
2054 2039 2051
2039 2054 2041
2056 2057 2058
2059 2056 2058
2059 2058 2060
2059 2060 2035
2035 2060 2031
2060 2058 2030
2060 2030 2031
2061 2062 2063
2063 2064 2061
2064 2063 2065
2065 2066 2064
2066 2065 2067
2067 2068 2066
2068 2067 2069
2069 2070 2068
2070 2069 2071
2071 2072 2070
2072 2071 2073
2073 2074 2072
2074 2073 2075
2075 2076 2074
2076 2075 2077
2078 2076 2077
2076 2078 2079
2080 2081 2082
2081 2083 2082
2084 2082 2083
2080 2085 2081
2085 2083 2081
2085 2080 2086
2083 2085 2087
2088 2087 2085
2087 2088 2089
2090 2089 2088
2089 2090 2091
2092 2091 2090
2091 2092 2093
2094 2091 2093
2091 2094 2095
2095 2089 2091
2089 2095 2096
2096 2087 2089
2087 2096 2097
2083 2097 2084
2097 2083 2087
2097 2098 2084
2098 2097 2099
2100 2093 2092
2093 2100 2101
2102 2101 2100
2101 2102 2103
2104 2103 2102
2103 2104 2105
2105 2106 2103
2106 2105 2107
2108 2107 2105
2104 2108 2105
2107 2108 2109
2108 2104 2110
2110 2111 2108
2111 2109 2108
2111 2110 2112
2112 2113 2111
2113 2112 2114
2113 2115 2111
2109 2111 2115
2115 2113 2116
2114 2117 2113
2117 2116 2113
2117 2114 2118
2118 2119 2117
2119 2118 2120
2121 2117 2119
2117 2121 2122
2116 2117 2122
2119 2123 2121
2123 2119 2124
2119 2125 2124
2125 2119 2120
2126 2124 2125
2124 2126 2127
2128 2127 2126
2127 2128 2129
2130 2127 2129
2127 2130 2131
2124 2131 2123
2131 2124 2127
2132 2129 2128
2129 2132 2133
2129 2134 2130
2134 2129 2133
2135 2133 2132
2133 2135 2136
2137 2136 2135
2136 2137 2138
2139 2136 2138
2136 2139 2140
2140 2133 2136
2133 2140 2134
2141 2138 2137
2138 2141 2142
2143 2138 2142
2138 2143 2139
2144 2142 2141
2142 2144 2145
2144 2146 2145
2146 2147 2145
2147 2142 2145
2142 2147 2143
2148 2147 2146
2146 2144 2149
2146 2149 2150
2151 2152 2153
2154 2151 2153
2151 2154 2155
2156 2155 2154
2155 2156 2157
2158 2157 2156
2157 2158 2159
2160 2159 2158
2159 2160 2161
2162 2161 2160
2161 2162 2163
2162 2164 2163
2164 2162 2165
2166 2164 2165
2167 2168 2169
2168 2170 2169
2171 2168 2167
2168 2171 2172
2173 2172 2171
2172 2173 2174
2173 2175 2174
2175 2173 2176
2176 2177 2175
2177 2176 2178
2179 2177 2178
2180 2181 2182
2180 2183 2181
2183 2180 2184
2184 2185 2183
2185 2184 2186
2186 2187 2185
2187 2186 2188
2188 2189 2187
2189 2188 2190
2190 2191 2189
2191 2190 2192
2193 2191 2192
2191 2193 2194
2195 2194 2193
2196 2197 2198
2196 2198 2199
2200 2196 2199
2199 2201 2200
2197 2202 2198
2202 2197 2203
2203 2204 2202
2204 2203 2205
2205 2206 2204
2206 2205 2207
2208 2206 2207
2206 2208 2209
2210 2209 2208
2209 2210 2211
2211 2212 2209
2213 2212 2211
2214 2212 2213
2211 2215 2213
2215 2211 2216
2216 2217 2215
2217 2216 2218
2218 2219 2217
2219 2218 2220
2220 2221 2219
2221 2220 2222
2222 2223 2221
2223 2222 2224
2211 2225 2216
2225 2211 2210
2225 2218 2216
2218 2225 2226
2226 2220 2218
2220 2226 2227
2227 2222 2220
2222 2227 2228
2228 2224 2222
2224 2228 2229
2229 2230 2224
2230 2229 2231
2230 2231 2232
2233 2230 2232
2224 2233 2223
2233 2224 2230
2234 2235 2236
2234 2237 2235
2238 2237 2234
2237 2238 2239
2240 2236 2235
2236 2240 2241
2242 2241 2240
2241 2242 2243
2244 2243 2242
2243 2244 2245
2244 2246 2245
2246 2244 2247
2247 2248 2246
2248 2247 2249
2249 2247 2250
2251 2249 2250
2252 2251 2250
2253 2249 2251
2249 2253 2254
2255 2254 2253
2254 2255 2256
2257 2256 2255
2256 2257 2258
2259 2258 2257
2258 2259 2260
2261 2260 2259
2260 2261 2262
2263 2249 2254
2249 2263 2248
2256 2263 2254
2263 2256 2264
2258 2264 2256
2264 2258 2265
2260 2265 2258
2265 2260 2266
2262 2266 2260
2266 2262 2267
2268 2267 2262
2267 2268 2269
2268 2270 2269
2271 2270 2268
2262 2271 2268
2271 2262 2261
2272 2273 2274
2272 2275 2273
2275 2272 2276
2277 2275 2276
2275 2277 2278
2279 2278 2277
2278 2279 2280
2281 2280 2279
2280 2281 2282
2283 2284 2285
2283 2286 2284
2286 2283 2287
2287 1839 2286
1839 2287 1838
2288 2289 2290
2290 2289 2291
2290 2292 2288
2292 2290 2293
2293 2294 2292
2294 2293 2295
2296 2294 2295
2294 2296 2297
2298 2297 2296
2297 2298 2299
2300 2299 2298
1628 2301 1630
2301 1628 1627
1635 1630 2301
1625 2301 1627
2301 1625 1623
1623 1635 2301
1719 1724 2302
2302 1716 1719
1716 2302 1712
2303 2304 2305
2304 2303 2306
2306 2307 2304
2307 2306 2308
2305 2309 2303
2309 2305 2310
2310 2311 2309
2311 2310 2312
2312 2313 2311
2313 2312 2314
2314 2315 2313
2315 2314 2316
2317 2315 2316
2315 2317 2318
2319 2318 2317
2318 2319 2320
2321 2320 2319
2320 2321 2322
2323 2322 2321
2322 2323 2324
2325 2324 2323
2324 2325 2326
2327 2326 2325
2326 2327 2328
2329 2328 2327
2328 2329 2330
2329 2331 2330
2331 2329 2332
2332 2333 2331
2333 2332 2334
2334 2335 2333
2335 2334 2336
2336 2337 2335
2337 2336 2338
2338 2339 2337
2339 2338 2340
2341 2342 2343
2342 2341 2344
2345 2343 2342
2343 2345 2346
2347 2344 2341
2348 2346 2345
2346 2348 2349
2350 2343 2346
2351 2350 2346
2352 2350 2351
2352 2353 2350
2350 2353 2343
2353 2354 2343
2352 2355 2353
2355 2352 2356
2357 2356 2352
2356 2357 2358
2358 2359 2356
2359 2358 2360
2361 2358 2357
2358 2361 2362
2362 2360 2358
2363 2362 2361
2362 2363 2364
2364 2365 2362
2360 2362 2365
2365 2364 2366
2367 2366 2364
2366 2367 2368
2369 2368 2367
2368 2369 2370
2367 2371 2369
2372 2369 2371
2369 2372 2373
2373 2370 2369
2374 2373 2372
2373 2374 2375
2374 2376 2375
2376 2374 2377
2378 2376 2377
2378 2379 2376
2371 2367 2380
2364 2380 2367
2380 2364 2363
2370 2373 2381
2375 2381 2373
2381 2375 2382
2382 2376 2379
2376 2382 2375
2383 2384 2385
2384 2383 2386
2385 2387 2383
2387 2385 2359
2386 2388 2384
2359 2360 2387
2389 2356 2359
2356 2389 2355
2389 2390 2355
2355 2390 2353
2353 2390 2391
2392 2393 2394
2392 2394 2395
2396 2393 2392
2396 2397 2393
2398 2397 2396
2399 2398 2396
2392 2399 2396
2400 2398 2399
2401 2399 2392
2402 2401 2392
2402 2392 2395
2400 2399 2403
2403 2399 2401
2404 2401 2402
2405 2401 2404
2403 2401 2405
2406 2402 2395
2406 2407 2402
2402 2407 2408
2402 2408 2404
2409 2397 2398
2410 2397 2409
2411 2397 2410
2412 2397 2411
2413 2411 2410
2411 2413 2414
2413 2415 2414
2413 2416 2415
2413 2417 2416
2418 2417 2413
2410 2418 2413
2418 2410 2409
2417 2419 2416
2416 2420 2415
2416 2419 2420
2419 2421 2420
2421 2419 2422
2422 2423 2421
2423 2422 2424
2424 2425 2423
2425 2424 2426
2426 2427 2425
2427 2426 2428
2427 2428 2429
2430 2431 2406
2432 2431 2430
2433 2432 2430
2394 2433 2430
2432 2434 2431
2395 2430 2406
2430 2395 2394
2394 2435 2433
2435 2394 2393
2393 2436 2435
2435 2436 2437
2438 2435 2437
2435 2438 2439
2437 2440 2438
2440 2437 2441
2441 2442 2440
2442 2441 2443
2443 2444 2442
2444 2443 2445
2445 2446 2444
2446 2445 2447
2447 2448 2446
2447 2449 2448
2450 2437 2436
2437 2450 2441
2451 2441 2450
2441 2451 2443
2451 2445 2443
2445 2451 2452
2452 2447 2445
2447 2452 2449
2453 2454 2455
2454 2456 2455
2456 2454 2457
2457 2458 2456
2458 2457 2459
2459 2460 2458
2460 2459 2461
2461 2462 2460
2462 2461 2463
2463 2464 2462
2464 2463 2465
2466 2464 2465
2464 2466 2467
2468 2467 2466
2468 2469 2467
2470 2471 2472
2471 2470 2473
2474 2470 2472
2470 2474 2475
2474 2476 2475
2477 2471 2473
2471 2477 2478
2479 2478 2477
2478 2479 2480
2479 2481 2480
2481 2479 2482
2482 2483 2481
2483 2482 2484
2484 2485 2483
2485 2484 2486
2486 2487 2485
2487 2486 2488
2489 2487 2488
2490 2491 2492
2431 2491 2490
2491 2431 2434
2407 2431 2490
2490 2493 2407
2493 2490 2494
2490 2492 2494
2431 2407 2406
2408 2407 2493
2495 2496 2497
2495 2497 2498
2495 2498 2499
2498 2500 2499
2498 2501 2500
2495 2499 2502
2503 2495 2502
2504 2503 2502
2505 2503 2504
2505 2495 2503
2495 2505 2496
2504 2506 2505
2507 2504 2502
2508 2507 2502
2509 2508 2502
2501 2510 2500
2500 2510 2511
2512 2511 2510
2513 2512 2510
2510 2501 2513
2514 2513 2501
2515 2513 2514
2515 2514 2516
2515 2517 2513
2513 2517 2512
2518 2517 2515
2518 2515 2516
2518 2519 2517
2520 2519 2518
2518 2521 2520
2522 2521 2518
2520 2521 2523
2522 2524 2521
2525 2524 2522
2521 2524 2526
2521 2526 2527
2527 2523 2521
2528 2519 2520
2528 2529 2519
2528 2530 2529
2530 2528 2531
2526 2532 2527
2532 2526 2533
2520 2534 2528
2535 2528 2534
2531 2528 2535
2534 2520 2536
2537 2535 2534
2535 2537 2538
2539 2538 2537
2538 2539 2540
2534 2541 2537
2541 2534 2536
2532 2542 2527
2542 2532 2543
2532 2544 2543
2544 2532 2545
2532 2546 2545
2546 2532 2533
2547 2545 2546
2545 2547 2548
2545 2549 2544
2549 2545 2548
2548 2550 2549
2550 2548 2551
2548 2552 2551
2552 2548 2547
2553 2551 2552
2551 2553 2554
2555 2554 2553
2554 2555 2556
2557 2556 2555
2557 2558 2556
2558 2554 2556
2554 2558 2559
2551 2559 2550
2559 2551 2554
2560 2561 2562
2562 2561 2563
2560 2564 2561
2564 2560 2565
2566 2561 2564
2561 2566 2563
2564 2567 2566
2567 2564 2568
2565 2568 2564
2568 2565 2569
2569 2570 2568
2570 2569 2571
2572 2570 2571
2570 2572 2573
2574 2573 2572
2573 2574 2575
2576 2570 2573
2570 2576 2577
2577 2568 2570
2568 2577 2567
2578 2573 2575
2573 2578 2576
2579 2575 2574
2575 2579 2351
2351 2578 2575
2352 2351 2579
2578 2351 2348
2580 2581 2582
2580 2582 2583
2584 2582 2581
2582 2584 2585
2585 2583 2582
2586 2585 2584
2585 2586 2587
2588 2587 2586
2587 2588 2589
2533 2589 2588
2589 2533 2590
2583 2585 2591
2592 2585 2587
2585 2592 2591
2593 2587 2589
2587 2593 2592
2594 2589 2590
2589 2594 2593
2590 2525 2594
2525 2590 2524
2590 2526 2524
2526 2590 2533
2595 2596 2597
2595 2597 2598
2599 2598 2597
2596 2599 2597
2598 2599 2600
2599 2601 2600
2601 2599 2602
2602 2603 2601
2603 2602 2604
2605 2604 2602
2604 2605 2606
2607 2602 2599
2602 2607 2605
2599 2596 2607
2606 2608 2604
2608 2603 2604
2608 2606 2609
2609 2610 2608
2610 2611 2608
2603 2608 2611
2611 2610 2612
2610 2514 2612
2514 2610 2516
2610 2613 2516
2613 2610 2614
2610 2609 2614
2518 2516 2613
2514 2498 2497
2498 2514 2501
2615 2616 2617
2617 2616 2618
2617 2619 2615
2619 2617 2620
2620 2621 2619
2621 2620 2622
2622 2623 2621
2623 2622 2624
2625 2623 2624
2623 2625 2626
2627 2626 2625
2626 2627 2628
2629 2628 2627
2628 2629 2630
2631 2630 2629
2630 2631 2632
2627 2633 2629
2633 2627 2634
2625 2634 2627
2634 2625 2635
2624 2635 2625
2635 2624 2636
2622 2636 2624
2636 2622 2637
2620 2637 2622
2637 2620 2638
2617 2638 2620
2638 2617 2618
2629 2639 2631
2639 2629 2633
2640 2631 2639
2631 2640 2641
2641 2632 2631
2642 2641 2640
2641 2642 2643
2644 2643 2642
2643 2644 2645
2646 2645 2644
2645 2646 2647
2646 2648 2647
2646 2649 2648
2649 2650 2648
2650 2649 2651
2651 2652 2650
2632 2641 2653
2654 2653 2641
2653 2654 2655
2654 2656 2655
2655 2656 2657
2658 2659 2660
2661 2659 2658
2659 2661 2662
2663 2662 2661
2662 2663 2664
2665 2664 2663
2664 2665 2666
2667 2666 2665
2666 2667 2668
2664 2669 2662
2669 2664 2670
2666 2670 2664
2670 2666 2671
2668 2671 2666
2671 2668 2672
2660 2659 2673
2662 2673 2659
2673 2662 2669
2674 2672 2668
2672 2674 2675
2668 2676 2674
2676 2668 2667
2677 2674 2676
2674 2677 2678
2678 2675 2674
2675 2678 2679
2539 2679 2678
2679 2539 2680
2678 2540 2539
2540 2678 2677
2537 2680 2539
2680 2537 2541
2681 2682 2683
2684 2681 2683
2682 2685 2683
2685 2684 2683
2685 2682 2686
2684 2685 2687
2688 2687 2685
2686 2688 2685
2687 2688 2689
2688 2686 2690
2690 2691 2688
2691 2689 2688
2691 2690 2692
2692 2693 2691
2693 2692 2694
2693 2695 2691
2689 2691 2695
2695 2693 2696
2697 2696 2693
2696 2697 2698
2693 2699 2697
2699 2693 2694
2700 2697 2699
2697 2700 2701
2701 2698 2697
2698 2701 2702
2702 2701 2535
2703 2701 2700
2535 2701 2531
2531 2701 2703
2530 2531 2703
2704 2705 2706
2707 2706 2705
2706 2707 2708
2709 2708 2707
2708 2709 2710
2711 2710 2709
2710 2711 2712
2713 2712 2711
2712 2713 2714
2715 2714 2713
2714 2715 2716
2715 2717 2716
2717 2715 2718
2719 2717 2718
2719 2718 2720
2721 2722 2723
2722 2724 2723
2723 2724 2725
2722 2726 2724
2722 2727 2726
2724 2726 2728
2724 2728 2725
2729 2725 2728
2725 2729 2730
2731 2730 2729
2730 2731 2732
2733 2732 2731
2732 2733 2734
2735 2734 2733
2734 2735 2736
2735 2737 2736
2722 2508 2727
2508 2722 2507
2721 2507 2722
2507 2721 2504
2738 2504 2739
2504 2738 2506
2739 2740 2738
2740 2739 2741
2742 2740 2741
2740 2742 2743
2744 2743 2742
2743 2744 2745
2746 2745 2744
2745 2746 2747
2748 2747 2746
2747 2748 2749
2750 2749 2748
2499 2751 2752
2751 2753 2752
2754 2753 2751
2751 2755 2754
2756 2753 2754
2753 2756 2757
2758 2757 2756
2757 2758 2759
2760 2759 2758
2759 2760 2761
2762 2761 2760
2761 2762 2763
2763 2762 2764
2763 2764 2765
2753 2766 2752
2766 2753 2757
2757 2767 2766
2767 2757 2759
2761 2767 2759
2767 2761 2768
2768 2763 2765
2763 2768 2761
2523 2527 2542
2500 2751 2499
2751 2500 2511
2769 2770 2771
2769 2771 2772
2773 2772 2771
2772 2773 2774
2775 2774 2773
2774 2775 2776
2777 2776 2775
2776 2777 2778
2779 2778 2777
2778 2779 2780
2781 2780 2779
2779 2782 2781
2782 2779 2783
2777 2783 2779
2780 2781 2784
2785 2784 2781
2784 2785 2786
2787 2786 2785
2786 2787 2788
2785 2789 2787
2789 2785 2790
2781 2790 2785
2790 2781 2782
2791 2787 2789
2787 2791 2792
2792 2788 2787
2783 2777 2793
2788 2792 2794
2775 2793 2777
2793 2775 2795
2773 2795 2775
2795 2773 2796
2771 2796 2773
2796 2771 2770
2797 2103 2106
2103 2797 2101
2797 2093 2101
2093 2797 2094
2798 2799 2800
2800 2799 2801
2802 2799 2798
2803 2799 2802
2803 2804 2799
2805 2804 2803
2806 2804 2805
2804 2806 2807
2808 2807 2806
2807 2808 2809
2810 2809 2808
2809 2810 2811
2812 2811 2810
2811 2812 2813
2814 2813 2812
2813 2814 2815
2816 2815 2814
2815 2816 2817
2818 2817 2816
2817 2818 2819
2820 2819 2818
2819 2820 2821
2822 2821 2820
2823 2824 2825
2825 2824 2826
2826 2827 2825
2827 2801 2825
2828 2823 2825
2829 2823 2828
2828 2830 2829
2830 2828 2831
2831 2832 2830
2832 2831 2833
2833 2834 2832
2834 2833 2835
2835 2836 2834
2836 2835 2837
2837 2838 2836
2838 2837 2839
2839 2840 2838
2840 2839 2841
2841 2842 2840
2842 2841 2843
2844 2845 2846
2847 2848 2849
2848 2847 2850
2849 2851 2847
2851 2850 2847
2851 2849 2852
2850 2851 2853
2852 2854 2851
2854 2853 2851
2854 2852 2855
2853 2854 2856
2855 2857 2854
2857 2856 2854
2857 2855 2858
2856 2857 2859
2858 2860 2857
2860 2859 2857
2860 2858 2861
2859 2860 2862
2861 2863 2860
2863 2862 2860
2863 2861 2864
2862 2863 2865
2864 2866 2863
2866 2865 2863
2866 2864 2867
2865 2866 2868
2867 2869 2866
2869 2868 2866
2869 2867 2870
2868 2869 2871
2870 2872 2869
2872 2870 2873
2874 2869 2872
2869 2874 2871
2872 2873 2875
2874 2872 2875
2876 2877 2878
2877 2876 2879
2880 2877 2879
2881 2876 2878
2876 2881 2882
2883 2876 2882
2876 2883 2879
2884 2879 2883
2879 2884 2880
2885 2882 2881
2882 2885 2886
2887 2882 2886
2882 2887 2883
2888 2883 2887
2883 2888 2884
2889 2886 2885
2886 2889 2890
2891 2886 2890
2886 2891 2887
2892 2887 2891
2887 2892 2888
2893 2890 2889
2890 2893 2894
2895 2890 2894
2890 2895 2891
2896 2891 2895
2891 2896 2892
2897 2894 2893
2894 2897 2898
2899 2894 2898
2894 2899 2895
2900 2895 2899
2895 2900 2896
2901 2898 2897
2898 2901 2902
2903 2898 2902
2898 2903 2899
2903 2900 2899
2900 2903 2904
2905 2902 2901
2902 2905 2906
2907 2902 2906
2902 2907 2903
2907 2904 2903
2904 2907 2908
2909 2906 2905
2906 2909 2910
2911 2906 2910
2906 2911 2907
2911 2908 2907
2908 2911 2912
2913 2910 2909
2910 2913 2914
2915 2910 2914
2910 2915 2911
2915 2912 2911
2912 2915 2916
2914 2913 2917
2915 2914 2917
2916 2915 2917
2918 2919 2920
2920 2921 2918
2921 2920 2922
2922 2923 2921
2923 2922 2924
2925 2923 2924
2923 2925 2926
2927 2926 2925
2926 2927 2928
2929 2928 2927
2928 2929 2930
2931 2930 2929
2930 2931 2932
2931 2933 2932
2933 2931 2934
2934 2935 2933
2935 2934 2936
2936 2937 2935
2937 2936 2938
2938 2939 2937
2939 2938 2940
2940 2941 2939
2941 2940 2942
2941 2942 2943
2944 2945 2946
2947 2944 2946
2944 2947 2948
2947 2949 2948
2949 2947 2950
2950 2951 2949
2951 2950 2952
2952 2953 2951
2953 2952 2954
2954 2955 2953
2955 2954 2956
2956 2957 2955
2957 2956 2958
2958 2959 2957
2959 2958 2960
2960 2961 2959
2961 2960 2962
2962 2963 2961
2963 2962 2964
2965 2963 2964
2963 2965 2966
2967 2966 2965
2966 2967 2968
2968 2967 2969
2970 2971 2972
2973 2972 2971
2972 2973 2974
2975 2974 2973
2974 2975 2976
2977 2976 2975
2976 2977 2978
2979 2978 2977
2978 2979 2980
2981 2980 2979
2980 2981 2982
2983 2982 2981
2982 2983 2984
2985 2984 2983
2984 2985 2986
2987 2986 2985
2986 2987 2988
2989 2988 2987
2988 2989 2990
2989 2991 2990
2991 2989 2992
2992 2993 2991
2993 2992 2994
2993 2994 2995
2996 2997 2998
2999 2997 2996
2997 2999 3000
3001 3000 2999
3000 3001 3002
3001 3003 3002
3003 3001 3004
3004 3005 3003
3005 3004 3006
3006 3007 3005
3007 3006 3008
3008 3009 3007
3009 3008 3010
3011 3009 3010
3009 3011 3012
3013 3012 3011
3012 3013 3014
3015 3014 3013
3014 3015 3016
3017 3016 3015
3016 3017 3018
3019 3018 3017
3018 3019 3020
3019 3021 3020
3022 3023 3024
3022 3025 3023
3025 3022 3026
3027 3025 3026
3025 3027 3028
3029 3028 3027
3028 3029 3030
3031 3030 3029
3030 3031 3032
3033 3032 3031
3032 3033 3034
3035 3034 3033
3034 3035 3036
3037 3036 3035
3036 3037 3038
3039 3038 3037
3038 3039 3040
3041 3040 3039
3040 3041 3042
3041 3043 3042
3043 3041 3044
3044 3045 3043
3045 3044 3046
3046 3047 3045
3048 3049 3050
3049 3051 3050
3051 3049 3052
3052 3053 3051
3053 3052 3054
3054 3055 3053
3055 3054 3056
3056 3057 3055
3057 3056 3058
3058 3059 3057
3059 3058 3060
3060 3061 3059
3061 3060 3062
3062 3063 3061
3063 3062 3064
3064 3065 3063
3065 3064 3066
3066 3067 3065
3067 3066 3068
3069 3067 3068
3067 3069 3070
3071 3070 3069
3070 3071 3072
3071 3073 3072
3074 3075 3076
3075 3074 3077
3078 3076 3075
3076 3078 3079
3077 3074 3080
3078 3081 3079
3081 3078 3082
3082 3083 3081
3083 3082 3084
3084 3085 3083
3085 3084 3086
3086 3087 3085
3087 3086 3088
3088 3089 3087
3089 3088 3090
3089 3090 3091
1481 1479 3092
3093 1481 3092
1481 3093 1483
917 916 3094
3094 920 917
920 3094 3095
3095 922 920
922 3095 3096
3096 924 922
924 3096 79
77 924 79
901 915 918
3097 854 851
854 3097 892
851 850 3097
859 854 892
859 887 865
885 865 887
865 885 867
885 881 867
