byte offset: 0
first index: 94566
index count: 2733
topology: trianglelist
format: DXGI_FORMAT_R16_UINT

23297 23298 23299
23297 23300 23298
23301 23297 23299
23297 23301 23302
23303 23297 23302
23302 23301 23304
23302 23304 23305
23304 23301 23306
23301 23299 23307
23306 23301 23307
23308 23299 23298
23308 23298 23309
23310 23299 23308
23310 23307 23299
23306 23307 23310
23308 23311 23310
23312 23311 23308
23311 23313 23310
23313 23306 23310
23311 23314 23313
23305 23315 23302
23315 23305 23316
23316 23317 23315
23317 23316 23318
23319 23317 23318
23320 23319 23318
23320 23321 23319
23322 23321 23320
23323 23321 23322
23322 23324 23323
23324 23325 23323
23324 23326 23325
23327 23326 23324
23327 23328 23326
23328 23329 23326
23326 23329 23330
23326 23330 23325
23325 23330 23331
23330 23332 23331
23331 23332 23333
23334 23333 23332
23335 23334 23332
23334 23336 23333
23337 23334 23335
23337 23338 23334
23338 23336 23334
23332 23330 23339
23329 23339 23330
23339 23340 23332
23332 23340 23335
23341 23339 23329
23333 23342 23331
23333 23343 23342
23333 23344 23343
23333 23336 23344
23345 23342 23343
23343 23346 23345
23346 23343 23347
23344 23347 23343
23347 23348 23346
23348 23347 23349
23349 23303 23348
23303 23349 23350
23350 23297 23303
23297 23350 23300
23342 23345 23351
23302 23348 23303
23348 23302 23315
23315 23346 23348
23346 23315 23317
23317 23345 23346
23345 23317 23319
23319 23351 23345
23347 23344 23352
23352 23349 23347
23350 23353 23300
23354 23300 23353
23300 23354 23298
23353 23350 23355
23350 23356 23355
23356 23350 23349
23349 23352 23356
23353 23357 23354
23357 23353 23358
23355 23358 23353
23359 23355 23356
23355 23359 23360
23358 23355 23360
23361 23356 23352
23356 23361 23359
23352 23336 23361
23362 23361 23336
23361 23362 23363
23363 23359 23361
23364 23363 23362
23363 23364 23365
23365 23366 23363
23366 23360 23359
23359 23363 23366
23366 23365 23367
23367 23368 23366
23360 23366 23368
23368 23367 23369
23370 23368 23369
23368 23370 23371
23371 23360 23368
23360 23371 23358
23372 23371 23370
23371 23372 23373
23374 23365 23364
23365 23374 23375
23375 23367 23365
23336 23338 23362
23376 23362 23338
23362 23376 23364
23338 23377 23376
23377 23338 23337
23373 23358 23371
23358 23373 23357
23370 23378 23372
23378 23370 23379
23379 23380 23378
23380 23379 23381
23379 23382 23381
23381 23382 23383
23384 23383 23382
23385 23384 23382
23386 23385 23382
23382 23379 23386
23385 23386 23387
23388 23381 23383
23381 23388 23380
23385 23389 23384
23390 23384 23389
23389 23391 23390
23391 23392 23390
23391 23393 23392
23393 23391 23394
23390 23392 23395
23395 23396 23390
23384 23390 23396
23396 23383 23384
23396 23395 23397
23395 23392 23398
23391 23389 23399
23400 23395 23398
23395 23400 23397
23397 23400 23401
23402 23400 23398
23403 23399 23389
23389 23385 23403
23387 23403 23385
23403 23387 23375
23399 23403 23404
23375 23404 23403
23404 23405 23399
23405 23406 23399
23406 23405 23407
23405 23408 23407
23405 23409 23408
23410 23409 23405
23405 23404 23410
23411 23409 23410
23374 23410 23404
23404 23375 23374
23410 23374 23412
23412 23411 23410
23411 23412 23413
23364 23412 23374
23412 23364 23376
23376 23413 23412
23367 23375 23387
23387 23369 23367
23413 23376 23377
23369 23387 23386
23386 23370 23369
23370 23386 23379
23414 23415 23416
23414 23416 23417
23418 23414 23417
23417 23416 23419
23420 23414 23418
23420 23415 23414
23420 23421 23415
23422 23420 23418
23419 23416 23423
23423 23416 23424
23425 23419 23423
23426 23419 23425
23427 23426 23425
23425 23423 23428
23429 23419 23426
23428 23423 23430
23431 23418 23417
23432 23417 23419
23432 23431 23417
23432 23419 23429
23423 23424 23433
23423 23433 23430
23427 23425 23434
23428 23434 23425
23424 23435 23433
23436 23433 23435
23433 23436 23437
23437 23430 23433
23438 23437 23436
23437 23438 23439
23312 23439 23438
23439 23312 23440
23308 23440 23312
23440 23308 23309
23438 23311 23312
23311 23438 23441
23436 23441 23438
23441 23314 23311
23314 23441 23442
23443 23442 23441
23441 23436 23443
23435 23443 23436
23442 23443 23444
23445 23444 23443
23443 23435 23445
23446 23444 23445
23447 23446 23445
23447 23448 23446
23421 23448 23447
23420 23448 23421
23448 23420 23449
23422 23449 23420
23449 23422 23450
23451 23421 23447
23445 23451 23447
23421 23451 23415
23451 23416 23415
23416 23451 23424
23435 23424 23451
23451 23445 23435
23452 23453 23454
23455 23453 23452
23456 23453 23455
23453 23457 23454
23456 23457 23453
23458 23457 23456
23457 23459 23454
23458 23459 23457
23454 23459 23460
23456 23455 23461
23462 23456 23461
23463 23456 23462
23463 23458 23456
23464 23458 23463
23463 23465 23464
23466 23464 23465
23467 23465 23463
23467 23463 23462
23467 23462 23468
23468 23462 23469
23469 23462 23461
23465 23467 23470
23471 23465 23470
23471 23466 23465
23467 23468 23472
23472 23470 23467
23468 23473 23472
23474 23470 23472
23472 23475 23474
23472 23473 23475
23473 23476 23475
23476 23477 23475
23475 23477 23478
23474 23475 23478
23479 23477 23476
23474 23480 23470
23471 23470 23480
23474 23481 23480
23478 23481 23474
23480 23482 23471
23482 23483 23471
23466 23471 23483
23483 23482 23484
23485 23484 23482
23484 23485 23486
23485 23487 23486
23487 23485 23488
23489 23487 23488
23487 23489 23490
23489 23491 23490
23491 23489 23492
23492 23493 23491
23493 23492 23494
23492 23495 23494
23494 23495 23496
23497 23496 23495
23497 23498 23496
23498 23497 23499
23500 23498 23499
23500 23499 23501
23502 23498 23500
23503 23498 23502
23496 23498 23503
23501 23499 23504
23499 23505 23504
23499 23497 23505
23506 23496 23503
23494 23496 23506
23503 23502 23507
23503 23507 23508
23503 23508 23506
23508 23509 23506
23509 23508 23510
23511 23506 23509
23502 23512 23507
23508 23507 23513
23510 23508 23513
23510 23513 23514
23507 23512 23515
23513 23507 23515
23513 23515 23516
23513 23516 23517
23514 23513 23517
23517 23516 23518
23514 23517 23518
23516 23519 23518
23518 23520 23514
23511 23494 23506
23494 23511 23493
23521 23510 23514
23520 23521 23514
23510 23521 23522
23522 23509 23510
23523 23522 23521
23522 23523 23524
23524 23525 23522
23525 23524 23526
23509 23522 23525
23525 23511 23509
23527 23493 23511
23511 23525 23527
23526 23527 23525
23493 23527 23528
23529 23528 23527
23527 23526 23529
23528 23529 23530
23531 23528 23530
23531 23530 23532
23533 23523 23521
23523 23533 23534
23521 23520 23533
23491 23528 23531
23528 23491 23493
23532 23535 23531
23535 23532 23536
23536 23537 23535
23537 23536 23538
23537 23490 23535
23531 23490 23491
23490 23531 23535
23490 23537 23487
23539 23537 23538
23537 23539 23540
23486 23537 23540
23537 23486 23487
23541 23540 23539
23540 23541 23542
23542 23486 23540
23542 23541 23543
23542 23543 23544
23545 23544 23543
23544 23545 23546
23546 23483 23544
23483 23546 23466
23547 23466 23546
23466 23547 23464
23548 23464 23547
23547 23549 23548
23550 23548 23549
23548 23550 23459
23549 23547 23551
23546 23551 23547
23551 23546 23545
23459 23458 23548
23464 23548 23458
23550 23460 23459
23460 23550 23552
23484 23544 23483
23544 23484 23542
23486 23542 23484
23553 23554 23555
23553 23555 23556
23553 23556 23557
23558 23557 23556
23557 23558 23559
23560 23555 23554
23392 23555 23560
23392 23560 23561
23561 23398 23392
23398 23561 23402
23561 23562 23402
23562 23561 23563
23564 23562 23563
23564 23563 23565
23565 23561 23560
23561 23565 23563
23566 23559 23558
23559 23566 23567
23568 23567 23566
23568 23406 23567
23399 23406 23568
23568 23391 23399
23569 23391 23568
23391 23569 23570
23391 23570 23394
23571 23572 23573
23573 23572 23574
23575 23574 23572
23571 23576 23572
23576 23571 23577
23578 23572 23576
23572 23578 23575
23578 23380 23575
23380 23578 23378
23388 23575 23380
23575 23388 23574
23579 23571 23573
23573 23580 23579
23581 23579 23580
23580 23582 23581
23583 23581 23582
23581 23583 23584
23582 23580 23585
23579 23581 23586
23584 23586 23581
23586 23584 23587
23588 23587 23584
23587 23588 23589
23590 23585 23580
23580 23573 23590
23585 23590 23591
23582 23592 23583
23592 23582 23593
23585 23593 23582
23594 23592 23593
23592 23594 23595
23591 23596 23585
23593 23585 23596
23596 23591 23597
23598 23596 23597
23596 23598 23599
23593 23599 23594
23599 23593 23596
23587 23600 23586
23600 23587 23601
23589 23601 23587
23601 23602 23600
23602 23601 23603
23604 23603 23601
23603 23604 23605
23601 23589 23604
23595 23606 23592
23606 23583 23592
23583 23606 23607
23607 23584 23583
23584 23607 23588
23603 23608 23602
23609 23602 23608
23608 23610 23609
23611 23609 23610
23609 23611 23612
23613 23612 23611
23612 23613 23614
23613 23615 23614
23615 23613 23616
23616 23372 23615
23372 23616 23373
23610 23608 23617
23617 23618 23610
23618 23617 23428
23428 23619 23618
23620 23618 23619
23618 23620 23621
23610 23621 23611
23621 23610 23618
23622 23621 23620
23620 23440 23622
23440 23623 23622
23623 23440 23309
23309 23354 23623
23354 23309 23298
23440 23620 23439
23619 23439 23620
23357 23623 23354
23623 23357 23624
23624 23622 23623
23373 23624 23357
23621 23622 23625
23622 23624 23625
23619 23428 23430
23430 23437 23619
23439 23619 23437
23616 23625 23624
23624 23373 23616
23625 23616 23613
23611 23625 23613
23625 23611 23621
23626 23627 23628
23626 23629 23627
23629 23630 23627
23630 23629 23631
23632 23631 23629
23631 23632 23633
23388 23633 23632
23633 23388 23383
23383 23396 23633
23397 23633 23396
23633 23397 23631
23401 23631 23397
23631 23401 23630
23634 23388 23632
23388 23634 23574
23635 23632 23629
23632 23635 23634
23629 23626 23635
23590 23574 23634
23574 23590 23573
23591 23634 23635
23634 23591 23590
23635 23597 23591
23597 23635 23626
23628 23597 23626
23597 23628 23598
23325 23331 23636
23323 23325 23636
23351 23323 23636
23331 23351 23636
23323 23351 23321
23351 23331 23342
23351 23319 23321
23637 23638 23639
23640 23638 23637
23641 23640 23637
23639 23641 23637
23640 23641 23642
23642 23643 23640
23643 23642 23644
23644 23645 23643
23646 23643 23645
23643 23646 23647
23647 23640 23643
23645 23648 23646
23648 23645 23649
23649 23650 23648
23650 23649 23504
23651 23504 23649
23504 23651 23501
23652 23649 23645
23649 23652 23651
23645 23644 23652
23640 23647 23653
23638 23640 23653
23504 23654 23650
23654 23504 23505
23505 23655 23654
23655 23505 23497
23497 23495 23655
23656 23655 23495
23492 23656 23495
23656 23492 23489
23655 23656 23657
23657 23654 23655
23656 23658 23657
23658 23656 23659
23489 23659 23656
23653 23660 23638
23660 23653 23661
23653 23662 23661
23654 23657 23663
23658 23663 23657
23663 23650 23654
23650 23663 23664
23664 23648 23650
23648 23664 23665
23665 23646 23648
23646 23665 23666
23647 23666 23662
23666 23647 23646
23662 23653 23647
23667 23661 23662
23661 23667 23668
23669 23668 23667
23669 23670 23668
23670 23671 23668
23671 23661 23668
23672 23670 23669
23672 23669 23673
23674 23673 23669
23675 23673 23674
23676 23666 23665
23666 23676 23677
23677 23669 23667
23677 23662 23666
23662 23677 23667
23674 23678 23675
23678 23674 23679
23678 23679 23680
23681 23680 23679
23680 23681 23682
23682 23683 23680
23684 23683 23682
23685 23682 23681
23682 23685 23477
23477 23684 23682
23686 23477 23685
23477 23686 23478
23481 23478 23686
23679 23687 23681
23687 23679 23688
23674 23688 23679
23688 23674 23669
23689 23681 23687
23681 23689 23685
23690 23685 23689
23685 23690 23686
23691 23686 23690
23686 23691 23481
23692 23481 23691
23658 23692 23691
23690 23658 23691
23692 23658 23659
23481 23692 23480
23692 23482 23480
23482 23692 23485
23659 23485 23692
23669 23677 23688
23676 23688 23677
23688 23676 23687
23693 23687 23676
23687 23693 23689
23665 23693 23676
23693 23665 23664
23664 23694 23693
23694 23689 23693
23689 23694 23690
23658 23690 23694
23694 23664 23663
23663 23658 23694
23485 23659 23488
23659 23489 23488
23324 23322 23695
23695 23327 23324
23327 23695 23696
23336 23352 23344
23571 23579 23697
23697 23577 23571
23577 23697 23698
23586 23697 23579
23697 23586 23600
23600 23698 23697
23698 23612 23577
23614 23577 23612
23577 23614 23576
23615 23576 23614
23576 23615 23578
23615 23378 23578
23378 23615 23372
23612 23698 23609
23602 23609 23698
23698 23600 23602
23434 23699 23427
23699 23434 23700
23617 23700 23434
23434 23428 23617
23700 23617 23608
23608 23603 23700
23700 23605 23699
23605 23700 23603
23606 23595 23701
23641 23639 23702
23661 23671 23660
23684 23477 23479
23393 23703 23392
23392 23703 23555
23704 23705 23706
23704 23706 23707
23708 23705 23704
23708 23709 23705
23709 23710 23705
23709 23711 23710
23712 23710 23711
23705 23710 23713
23705 23713 23706
23714 23713 23710
23714 23710 23712
23715 23714 23712
23715 23712 23716
23716 23712 23717
23712 23711 23717
23718 23715 23716
23716 23717 23719
23720 23716 23719
23718 23716 23720
23721 23718 23720
23722 23721 23720
23722 23723 23721
23724 23723 23722
23724 23722 23725
23726 23723 23724
23726 23724 23727
23727 23724 23728
23728 23724 23725
23727 23728 23729
23727 23729 23730
23730 23729 23731
23730 23732 23727
23726 23727 23732
23730 23733 23732
23730 23734 23733
23730 23731 23734
23725 23722 23735
23735 23722 23720
23733 23734 23736
23736 23734 23737
23736 23737 23738
23734 23731 23739
23739 23737 23734
23739 23740 23737
23737 23740 23741
23738 23737 23741
23741 23740 23742
23741 23743 23738
23741 23744 23743
23742 23744 23741
23742 23745 23744
23738 23743 23746
23745 23747 23744
23745 23748 23747
23720 23719 23735
23749 23750 23751
23749 23752 23750
23753 23749 23751
23753 23751 23754
23754 23751 23755
23754 23755 23756
23757 23756 23755
23751 23758 23755
23751 23750 23758
23759 23755 23758
23759 23757 23755
23760 23757 23759
23760 23761 23757
23761 23762 23757
23757 23762 23756
23763 23761 23760
23761 23764 23762
23765 23764 23761
23763 23765 23761
23766 23765 23763
23767 23765 23766
23767 23766 23768
23769 23767 23768
23769 23770 23767
23771 23769 23768
23771 23772 23769
23772 23773 23769
23773 23770 23769
23772 23774 23773
23772 23775 23774
23775 23776 23774
23775 23772 23777
23771 23777 23772
23775 23777 23778
23775 23778 23779
23775 23779 23776
23770 23780 23767
23780 23765 23767
23778 23781 23779
23781 23782 23779
23781 23783 23782
23779 23784 23776
23784 23779 23782
23784 23782 23785
23782 23786 23785
23783 23786 23782
23786 23787 23785
23787 23786 23788
23787 23788 23789
23789 23790 23791
23789 23792 23790
23793 23794 23792
23793 23795 23794
23795 23796 23794
23765 23780 23764
23797 23798 23799
23798 23797 23800
23800 23801 23798
23801 23800 23802
23803 23800 23797
23800 23803 23804
23804 23802 23800
23802 23804 23805
23806 23799 23798
23799 23806 23807
23808 23807 23806
23807 23808 23809
23806 23810 23808
23808 23810 23811
23810 23806 23812
23798 23812 23806
23812 23798 23801
23808 23811 23813
23808 23813 23809
23811 23814 23813
23815 23809 23813
23814 23816 23813
23815 23813 23816
23814 23817 23816
23818 23816 23817
23819 23818 23817
23816 23818 23820
23815 23816 23820
23820 23818 23821
23819 23822 23818
23821 23818 23822
23823 23822 23819
23823 23824 23822
23825 23822 23824
23821 23822 23825
23826 23824 23823
23826 23827 23824
23826 23828 23827
23826 23829 23828
23830 23824 23827
23825 23824 23830
23830 23827 23831
23831 23827 23832
23827 23828 23832
23831 23832 23833
23833 23832 23834
23833 23834 23835
23836 23837 23838
23804 23837 23836
23837 23804 23803
23836 23805 23804
23805 23836 23839
23839 23836 23840
23836 23838 23840
23839 23840 23841
23842 23843 23844
23843 23842 23845
23846 23844 23843
23844 23846 23847
23844 23848 23842
23848 23844 23849
23847 23849 23844
23849 23847 23850
23845 23851 23843
23851 23845 23852
23852 23853 23851
23853 23852 23854
23855 23851 23853
23853 23856 23855
23851 23855 23857
23843 23857 23846
23857 23843 23851
23853 23858 23856
23853 23854 23858
23856 23858 23859
23860 23858 23854
23859 23858 23861
23860 23861 23858
23859 23861 23862
23863 23862 23861
23864 23862 23863
23861 23865 23863
23860 23865 23861
23865 23866 23863
23864 23863 23867
23866 23867 23863
23868 23864 23867
23868 23867 23869
23870 23869 23867
23866 23870 23867
23871 23868 23869
23871 23869 23872
23871 23872 23873
23871 23873 23874
23875 23872 23869
23870 23875 23869
23875 23876 23872
23876 23877 23872
23872 23877 23873
23876 23878 23877
23878 23879 23877
23878 23880 23879
23881 23882 23883
23883 23849 23881
23849 23883 23848
23850 23881 23849
23881 23850 23884
23884 23885 23881
23881 23885 23882
23884 23886 23885
23887 23888 23889
23890 23891 23892
23893 23894 23895
23896 23897 23898
23899 23900 23901
23902 23903 23904
23905 23906 23907
23908 23909 23910
23911 23912 23913
23914 23915 23916
