byte offset: 0
first index: 97299
index count: 3534
topology: trianglelist
format: DXGI_FORMAT_R16_UINT

23917 23918 23919
23917 23919 23920
23921 23920 23919
23922 23923 23924
23922 23925 23923
23925 23926 23923
23927 23928 23929
23928 23930 23929
23930 23928 23931
23930 23931 23932
23930 23932 23933
23934 23933 23932
23933 23934 23935
23935 23934 23936
23936 23937 23935
23937 23936 23938
23937 23938 23939
23937 23939 23940
23940 23939 23941
23940 23941 23942
23943 23940 23942
23943 23942 23944
23945 23943 23944
23943 23945 23946
23946 23945 23947
23947 23948 23946
23948 23947 23949
23950 23948 23949
23950 23949 23951
23952 23950 23951
23950 23952 23953
23954 23953 23952
23955 23956 23957
23958 23955 23957
23955 23958 23959
23960 23959 23958
23961 23960 23958
23962 23960 23961
23962 23961 23963
23962 23963 23964
23965 23964 23963
23966 23965 23963
23966 23963 23967
23966 23967 23968
23969 23968 23967
23969 23967 23970
23969 23970 23971
23971 23970 23972
23973 23972 23970
23973 23970 23974
23973 23974 23975
23975 23974 23976
23975 23976 23977
23976 23978 23977
23978 23976 23979
23978 23979 23980
23981 23982 23983
23982 23981 23984
23985 23983 23982
23983 23985 23986
23985 23987 23986
23987 23985 23988
23988 23989 23987
23989 23988 23990
23991 23984 23981
23984 23991 23992
23993 23992 23991
23992 23993 23994
23995 23994 23993
23994 23995 23996
23997 23996 23995
23996 23997 23998
23999 23998 23997
23998 23999 24000
24000 23999 24001
23990 24002 23989
24002 23990 24003
24003 24004 24002
24004 24003 24005
24005 24006 24004
24006 24005 24007
24007 24008 24006
24008 24007 24009
24009 24010 24008
24010 24009 24011
24011 24012 24010
24013 24014 24015
24014 24013 24016
24017 24016 24013
24016 24017 24018
24017 24019 24018
24019 24017 24020
24020 24021 24019
24021 24020 24022
24023 24015 24014
24015 24023 24024
24025 24024 24023
24024 24025 24026
24027 24026 24025
24022 24028 24021
24028 24022 24029
24029 24030 24028
24030 24029 24031
24032 24030 24031
24033 24034 24035
24033 24036 24034
24036 24033 24037
24038 24036 24037
24039 24036 24038
24040 24039 24038
24040 24041 24039
24040 24042 24041
24043 24041 24042
24044 24041 24043
24044 24045 24041
24044 24046 24045
24047 24045 24046
24047 24048 24045
24047 24049 24048
24049 24050 24048
24051 24048 24050
24051 24052 24048
24051 24053 24052
24053 24054 24052
24053 24055 24054
24056 24054 24055
24054 24056 24057
24056 24058 24057
24059 24060 24061
24061 24062 24059
24062 24061 24063
24063 24064 24062
24064 24063 24065
24065 24066 24064
24066 24065 24067
24067 24068 24066
24068 24067 24069
24069 24070 24068
24070 24069 24071
24071 24072 24070
24072 24071 24073
24073 24074 24072
24074 24073 24075
24076 24074 24075
24074 24076 24077
24078 24077 24076
24077 24078 24079
24080 24079 24078
24079 24080 24081
24082 24081 24080
24081 24082 24083
24084 24083 24082
24083 24084 24085
24086 24085 24084
24085 24086 24087
24088 24087 24086
24087 24088 24089
24089 24088 24090
24091 24092 24093
24092 24094 24093
24094 24092 24095
24095 24096 24094
24096 24095 24097
24097 24098 24096
24098 24097 24099
24099 24100 24098
24100 24099 24101
24102 24100 24101
24100 24102 24103
24104 24103 24102
24103 24104 24105
24106 24105 24104
24105 24106 24107
24108 24107 24106
24107 24108 24109
24110 24109 24108
24111 24112 24113
24111 24113 24114
24115 24114 24113
24115 24113 24116
24117 24112 24111
24112 24117 24118
24119 24118 24117
24118 24119 24120
24121 24120 24119
24120 24121 24122
24123 24122 24121
24122 24123 24124
24125 24124 24123
24124 24125 24126
24127 24126 24125
24126 24127 24128
24129 24128 24127
24128 24129 24130
24131 24130 24129
24130 24131 24132
24131 24133 24132
24133 24131 24134
24134 24135 24133
24135 24134 24136
24136 24137 24135
24137 24136 24138
24138 24139 24137
24139 24138 24140
24140 24141 24139
24141 24140 24142
24142 24143 24141
24143 24142 24144
24144 24145 24143
24145 24144 24146
24146 24116 24145
24116 24146 24115
24147 24148 24149
24148 24150 24149
24150 24148 24151
24152 24150 24151
24150 24152 24153
24152 24154 24153
24154 24152 24155
24155 24156 24154
24156 24155 24157
24157 24158 24156
24158 24157 24159
24159 24160 24158
24160 24159 24161
24161 24162 24160
24162 24161 24163
24163 24164 24162
24164 24163 24165
24166 24164 24165
24164 24166 24167
24168 24167 24166
24167 24168 24169
24170 24169 24168
24169 24170 24171
24172 24171 24170
24171 24172 24173
24174 24173 24172
24173 24174 24175
24176 24175 24174
24175 24176 24177
24176 24178 24177
24178 24176 24179
24180 24178 24179
24178 24180 24181
24147 24181 24180
24182 24183 24184
24184 24183 24185
24185 24183 24186
24186 24183 24187
24187 24183 24188
24188 24183 24189
24189 24183 24190
24190 24183 24191
24191 24183 24192
24192 24183 24193
24193 24183 24194
24194 24183 24195
24195 24183 24196
24196 24183 24197
24198 24183 24182
24199 24183 24198
24200 24183 24199
24197 24183 24200
24201 24202 24203
24201 24204 24202
24202 24204 24205
24206 24205 24204
24206 24207 24205
24206 24208 24207
24209 24208 24206
24209 24210 24208
24211 24201 24203
24201 24211 24212
24213 24212 24211
24212 24213 24214
24213 24215 24214
24216 24210 24209
24210 24216 24217
24216 24218 24217
24218 24216 24219
24219 24220 24218
24219 24221 24220
24221 24222 24220
24221 24223 24222
24221 24224 24223
24225 24223 24224
24226 24225 24224
24226 24227 24225
24226 24228 24227
24228 24226 24229
24229 24230 24228
24230 24231 24215
24230 24229 24231
24232 24233 24234
24233 24232 24235
24233 24235 24236
24236 24235 24237
24237 24238 24236
24238 24237 24239
24239 24240 24238
24239 24241 24240
24240 24241 24242
24240 24242 24243
24242 24244 24243
24244 24245 24243
24246 24243 24245
24246 24245 24247
24248 24246 24247
24248 24249 24246
24250 24249 24248
24250 24251 24249
24251 24252 24249
24252 24251 24253
24254 24252 24253
24254 24255 24252
24256 24255 24254
24255 24256 24257
24256 24258 24257
24257 24258 24259
24259 24258 24260
24260 24261 24259
24262 24263 24264
24263 24262 24265
24265 24266 24263
24266 24265 24267
24268 24266 24267
24266 24268 24269
24270 24269 24268
24269 24270 24271
24264 24272 24262
24272 24264 24273
24273 24274 24272
24274 24273 24275
24275 24276 24274
24276 24275 24277
24277 24278 24276
24278 24277 24279
24280 24271 24270
24271 24280 24281
24282 24281 24280
24281 24282 24283
24284 24283 24282
24283 24284 24285
24286 24285 24284
24285 24286 24287
24288 24287 24286
24287 24288 24289
24290 24289 24288
24289 24290 24291
24291 24290 24292
24279 24293 24278
24293 24279 24294
24294 24295 24293
24295 24294 24296
24296 24297 24295
24298 24299 24300
24299 24298 24301
24301 24302 24299
24302 24301 24303
24304 24302 24303
24302 24304 24305
24306 24305 24304
24305 24306 24307
24300 24308 24298
24308 24300 24309
24309 24310 24308
24310 24309 24311
24311 24312 24310
24312 24311 24313
24314 24312 24313
24315 24307 24306
24307 24315 24316
24317 24316 24315
24316 24317 24318
24319 24318 24317
24318 24319 24320
24321 24320 24319
24322 24323 24324
24324 24325 24322
24326 24325 24324
24327 24325 24326
24328 24327 24326
24327 24328 24329
24329 24328 24330
24329 24330 24331
24330 24332 24331
24333 24332 24330
24334 24332 24333
24334 24333 24335
24335 24333 24336
24335 24336 24337
24336 24338 24337
24336 24339 24338
24340 24338 24339
24339 24341 24340
24342 24341 24339
24342 24343 24341
24344 24343 24342
24344 24342 24345
24345 24346 24344
24346 24345 24347
24347 24348 24346
24349 24348 24347
24349 24350 24348
24350 24349 24351
24352 24353 24354
24355 24353 24352
24353 24355 24356
24357 24356 24355
24356 24357 24358
24359 24358 24357
24358 24359 24360
24361 24360 24359
24360 24361 24362
24363 24362 24361
24362 24363 24364
24365 24364 24363
24364 24365 24366
24367 24366 24365
24366 24367 24368
24369 24368 24367
24368 24369 24370
24369 24371 24370
24371 24369 24372
24372 24373 24371
24373 24372 24374
24374 24375 24373
24375 24374 24376
24376 24377 24375
24377 24376 24378
24378 24379 24377
24379 24378 24380
24380 24381 24379
24381 24380 24382
24382 24383 24381
24383 24382 24384
24384 24385 24383
24385 24384 24386
24386 24387 24385
24388 24389 24390
24391 24390 24389
24390 24391 24392
24393 24392 24391
24392 24393 24394
24395 24394 24393
24394 24395 24396
24397 24396 24395
24396 24397 24398
24399 24398 24397
24398 24399 24400
24399 24401 24400
24401 24399 24402
24402 24403 24401
24403 24402 24404
24404 24405 24403
24405 24404 24406
24406 24407 24405
24407 24406 24408
24408 24409 24407
24409 24408 24410
24411 24409 24410
24412 24413 24414
24414 24415 24412
24414 24416 24415
24416 24417 24415
24418 24417 24416
24417 24418 24419
24419 24418 24420
24419 24420 24421
24420 24422 24421
24420 24423 24422
24422 24423 24424
24424 24423 24425
24426 24425 24423
24426 24427 24425
24428 24427 24426
24428 24426 24429
24430 24428 24429
24430 24429 24431
24431 24429 24432
24432 24433 24431
24434 24433 24432
24434 24432 24435
24435 24436 24434
24436 24435 24437
24436 24437 24438
24437 24439 24438
24439 24440 24438
24440 24439 24441
24442 24443 24444
24443 24442 24445
24446 24444 24443
24444 24446 24447
24446 24448 24447
24448 24446 24449
24449 24450 24448
24450 24449 24451
24452 24445 24442
24445 24452 24453
24454 24453 24452
24453 24454 24455
24456 24455 24454
24455 24456 24457
24458 24457 24456
24457 24458 24459
24451 24460 24450
24460 24451 24461
24461 24462 24460
24462 24461 24463
24463 24464 24462
24464 24463 24465
24465 24466 24464
24466 24465 24467
24467 24468 24466
24468 24467 24469
24469 24470 24468
24470 24469 24471
24471 24472 24470
24473 24459 24458
24459 24473 24474
24475 24474 24473
24474 24475 24476
24476 24475 24477
24478 24479 24480
24479 24478 24481
24482 24480 24479
24480 24482 24483
24482 24484 24483
24484 24482 24485
24485 24486 24484
24486 24485 24487
24488 24481 24478
24481 24488 24489
24490 24489 24488
24489 24490 24491
24492 24491 24490
24491 24492 24493
24494 24493 24492
24487 24495 24486
24495 24487 24496
24496 24497 24495
24497 24496 24498
24498 24499 24497
24499 24498 24500
24501 24499 24500
24502 24503 24504
24503 24502 24505
24506 24503 24505
24507 24506 24505
24507 24508 24506
24508 24507 24509
24509 24510 24508
24509 24511 24510
24510 24511 24512
24513 24510 24512
24514 24513 24512
24514 24515 24513
24515 24516 24513
24515 24517 24516
24516 24517 24518
24516 24518 24519
24520 24519 24518
24519 24520 24521
24522 24519 24521
24522 24521 24523
24524 24522 24523
24524 24525 24522
24526 24525 24524
24525 24526 24527
24527 24526 24528
24529 24527 24528
24529 24528 24530
24530 24531 24529
24532 24533 24534
24534 24535 24532
24535 24534 24536
24536 24537 24535
24537 24536 24538
24538 24539 24537
24539 24538 24540
24540 24541 24539
24541 24540 24542
24542 24543 24541
24543 24542 24544
24544 24545 24543
24545 24544 24546
24546 24547 24545
24547 24546 24548
24548 24549 24547
24549 24548 24550
24551 24549 24550
24549 24551 24552
24553 24552 24551
24552 24553 24554
24555 24554 24553
24554 24555 24556
24557 24556 24555
24556 24557 24558
24559 24558 24557
24558 24559 24560
24561 24560 24559
24560 24561 24562
24563 24562 24561
24562 24563 24564
24565 24564 24563
24564 24565 24566
24566 24565 24567
24568 24569 24570
24569 24571 24570
24571 24569 24572
24572 24573 24571
24573 24572 24574
24574 24575 24573
24575 24574 24576
24576 24577 24575
24577 24576 24578
24578 24579 24577
24579 24578 24580
24581 24579 24580
24579 24581 24582
24583 24582 24581
24582 24583 24584
24585 24584 24583
24584 24585 24586
24587 24586 24585
24586 24587 24588
24589 24588 24587
24588 24589 24590
24591 24590 24589
24592 24593 24594
24594 24593 24595
24593 24596 24595
24596 24597 24595
24595 24597 24598
24597 24599 24598
24599 24600 24598
24601 24592 24594
24592 24601 24602
24598 24600 24603
24604 24603 24600
24603 24604 24605
24604 24606 24605
24604 24607 24606
24608 24606 24607
24609 24606 24608
24608 24610 24609
24609 24610 24611
24601 24612 24602
24612 24601 24613
24612 24613 24614
24613 24615 24614
24614 24615 24616
24616 24615 24617
24615 24618 24617
24617 24618 24619
24619 24618 24620
24618 24621 24620
24621 24622 24620
24622 24621 24623
24622 24623 24624
24622 24624 24625
24626 24625 24624
24627 24626 24624
24626 24627 24628
24627 24629 24628
24630 24631 24632
24631 24630 24633
24634 24632 24631
24632 24634 24635
24636 24635 24634
24635 24636 24637
24638 24637 24636
24637 24638 24639
24640 24639 24638
24639 24640 24641
24642 24641 24640
24641 24642 24643
24644 24643 24642
24643 24644 24645
24646 24645 24644
24645 24646 24647
24648 24647 24646
24647 24648 24649
24648 24650 24649
24648 24651 24650
24651 24652 24650
24653 24654 24655
24655 24654 24656
24655 24656 24657
24657 24656 24658
24658 24656 24659
24658 24659 24660
24660 24659 24661
24653 24662 24654
24662 24653 24663
24661 24659 24664
24664 24665 24661
24665 24664 24666
24667 24662 24663
24662 24667 24668
24667 24669 24668
24669 24670 24668
24669 24671 24670
24671 24672 24670
24672 24673 24670
24672 24674 24673
24674 24675 24673
24675 24676 24673
24677 24676 24675
24676 24677 24678
24678 24677 24679
24679 24677 24680
24680 24681 24679
24681 24682 24679
24682 24681 24683
24683 24684 24682
24685 24686 24687
24686 24685 24665
24687 24686 24688
24688 24689 24687
24689 24688 24690
24665 24666 24686
24691 24692 24693
24692 24691 24694
24695 24692 24694
24694 24696 24695
24696 24694 24697
24697 24698 24696
24698 24697 24699
24699 24700 24698
24700 24699 24701
24701 24702 24700
24702 24701 24703
24703 24704 24702
24704 24703 24705
24705 24706 24704
24706 24705 24707
24707 24708 24706
24708 24707 24709
24709 24710 24708
24710 24709 24711
24711 24712 24710
24712 24711 24713
24714 24712 24713
24712 24714 24715
24716 24715 24714
24715 24716 24717
24718 24717 24716
24717 24718 24719
24720 24719 24718
24719 24720 24721
24722 24721 24720
24721 24722 24723
24724 24723 24722
24723 24724 24725
24726 24725 24724
24725 24726 24727
24728 24727 24726
24727 24728 24729
24730 24729 24728
24729 24730 24731
24731 24730 24732
24732 24730 24733
24733 24734 24732
24735 24630 24736
24630 24735 24633
24736 24737 24735
24737 24736 24738
24738 24739 24737
24739 24738 24740
24740 24741 24739
24741 24740 24742
24742 24743 24741
24743 24742 24744
24744 24745 24743
24745 24744 24746
24746 24747 24745
24747 24746 24748
24748 24749 24747
24749 24748 24750
24750 24751 24749
24751 24750 24752
24751 24752 24753
24751 24753 24754
24754 24753 24755
24756 24757 24758
24756 24758 24759
24759 24758 24760
24759 24760 24761
24762 24761 24760
24762 24763 24761
24764 24757 24756
24764 24765 24757
24766 24765 24764
24766 24767 24765
24768 24767 24766
24767 24768 24769
24769 24768 24770
24771 24770 24768
24770 24771 24772
24771 24773 24772
24773 24771 24774
24775 24773 24774
24774 24776 24775
24776 24774 24777
24777 24778 24776
24778 24777 24779
24780 24778 24779
24780 24779 24781
24782 24780 24781
24782 24781 24783
24784 24782 24783
24784 24783 24785
24786 24784 24785
24786 24785 24787
24788 24789 24790
24788 24791 24789
24791 24788 24792
24793 24791 24792
24791 24793 24794
24795 24794 24793
24794 24795 24796
24797 24796 24795
24796 24797 24798
24799 24798 24797
24798 24799 24800
24801 24800 24799
24800 24801 24802
24803 24802 24801
24802 24803 24804
24803 24805 24804
24805 24803 24806
24806 24807 24805
24807 24806 24808
24808 24809 24807
24809 24808 24810
24810 24811 24809
24811 24810 24812
24812 24813 24811
24813 24812 24814
24814 24815 24813
24815 24814 24816
24817 24815 24816
24815 24817 24818
24819 24818 24817
24820 24821 24822
24823 24822 24821
24822 24823 24824
24825 24824 24823
24824 24825 24826
24827 24826 24825
24826 24827 24828
24829 24828 24827
24828 24829 24830
24831 24830 24829
24830 24831 24832
24833 24832 24831
24832 24833 24834
24835 24834 24833
24834 24835 24836
24835 24837 24836
24837 24835 24838
24838 24839 24837
24839 24838 24840
24840 24841 24839
24841 24840 24842
24843 24841 24842
24841 24843 24844
24843 24845 24844
24845 24843 24846
24846 24847 24845
24847 24846 24848
24848 24849 24847
24849 24848 24850
24850 24851 24849
24851 24850 24852
24852 24853 24851
24853 24852 24854
24854 24855 24853
24855 24854 24856
24856 24857 24855
24857 24856 24858
24857 24858 24859
24860 24861 24862
24860 24862 24863
24864 24860 24863
24864 24863 24865
24866 24864 24865
24866 24865 24867
24861 24868 24862
24861 24869 24868
24869 24870 24868
24869 24871 24870
24871 24872 24870
24872 24871 24873
24873 24874 24872
24874 24875 24872
24875 24874 24876
24877 24875 24876
24875 24877 24878
24879 24878 24877
24880 24878 24879
24878 24880 24881
24882 24881 24880
24881 24882 24883
24883 24882 24884
24883 24884 24885
24885 24884 24886
24885 24886 24887
24887 24886 24888
24887 24888 24889
24890 24889 24888
24890 24891 24889
24892 24893 24894
24895 24892 24894
24892 24895 24896
24895 24897 24896
24897 24895 24898
24898 24899 24897
24899 24898 24900
24900 24901 24899
24901 24900 24902
24902 24903 24901
24903 24902 24904
24905 24903 24904
24903 24905 24906
24907 24906 24905
24906 24907 24908
24907 24909 24908
24909 24907 24910
24910 24911 24909
24911 24910 24912
24913 24911 24912
24911 24913 24914
24915 24914 24913
24914 24915 24916
24917 24916 24915
24916 24917 24918
24919 24918 24917
24918 24919 24920
24919 24921 24920
24921 24919 24922
24923 24921 24922
24924 24925 24926
24925 24927 24926
24927 24925 24928
24928 24929 24927
24929 24928 24930
24930 24931 24929
24931 24930 24932
24932 24933 24931
24933 24932 24934
24934 24935 24933
24935 24934 24936
24936 24937 24935
24937 24936 24938
24938 24939 24937
24939 24938 24940
24940 24941 24939
24941 24940 24942
24942 24943 24941
24943 24942 24944
24945 24943 24944
24943 24945 24946
24947 24946 24945
24946 24947 24948
24949 24948 24947
24948 24949 24950
24951 24950 24949
24950 24951 24952
24953 24952 24951
24952 24953 24954
24955 24954 24953
24954 24955 24956
24957 24956 24955
24956 24957 24958
24959 24958 24957
24958 24959 24960
24961 24960 24959
24960 24961 24962
24961 24963 24962
24964 24965 24966
24964 24966 24967
24968 24964 24967
24968 24967 24969
24970 24968 24969
24970 24969 24971
24971 24972 24970
24972 24971 24973
24973 24974 24972
24974 24975 24972
24975 24974 24976
24977 24975 24976
24975 24977 24978
24979 24978 24977
24980 24978 24979
24978 24980 24981
24982 24981 24980
24982 24983 24981
24984 24983 24982
24984 24985 24983
24986 24985 24984
24986 24987 24985
24988 24987 24986
24988 24989 24987
24990 24989 24988
24990 24991 24989
24992 24993 24994
24965 24994 24993
24965 24993 24966
24992 24994 24995
24996 24997 24998
24999 24996 24998
24996 24999 25000
24999 25001 25000
25001 24999 25002
25002 25003 25001
25003 25002 25004
25004 25005 25003
25005 25004 25006
25006 25007 25005
25007 25006 25008
25008 25009 25007
25009 25008 25010
25010 25011 25009
25011 25010 25012
25013 25011 25012
25011 25013 25014
25015 25014 25013
25014 25015 25016
25017 25016 25015
25016 25017 25018
25019 25018 25017
25018 25019 25020
25021 25020 25019
25020 25021 25022
25023 25022 25021
25022 25023 25024
25023 25025 25024
25025 25023 25026
25027 25025 25026
25028 25029 25030
25029 25031 25030
25031 25029 25032
25032 25033 25031
25033 25032 25034
25034 25035 25033
25035 25034 25036
25036 25037 25035
25037 25036 25038
25038 25039 25037
25039 25038 25040
25040 25041 25039
25041 25040 25042
25042 25043 25041
25043 25042 25044
25045 25043 25044
25043 25045 25046
25047 25046 25045
25046 25047 25048
25049 25048 25047
25048 25049 25050
25049 25051 25050
25051 25049 25052
25053 25051 25052
25051 25053 25054
25055 25054 25053
25054 25055 25056
25057 25056 25055
25056 25057 25058
25059 25058 25057
25058 25059 25060
25061 25060 25059
25060 25061 25062
25063 25062 25061
25062 25063 25064
25065 25064 25063
25064 25065 25066
25065 25067 25066
25068 25069 25070
25068 25070 25071
25071 25070 25072
25071 25072 25073
25073 25072 25074
25073 25074 25075
25076 25075 25074
25075 25076 25077
25077 25076 25078
25079 25078 25076
25078 25079 25080
25079 25081 25080
25081 25079 25082
25083 25081 25082
25082 25084 25083
25084 25082 25085
25086 25084 25085
25086 25085 25087
25087 25088 25086
25087 25089 25088
25089 25090 25088
25089 25091 25090
25091 25092 25090
25091 25093 25092
25094 25092 25093
25094 25093 25095
25096 25097 25098
25096 25098 25099
25099 25098 25069
25099 25069 25068
25100 25101 25102
25100 25103 25101
25103 25100 25104
25105 25103 25104
25103 25105 25106
25107 25106 25105
25106 25107 25108
25109 25108 25107
25108 25109 25110
25111 25110 25109
25110 25111 25112
25111 25113 25112
25113 25111 25114
25114 25115 25113
25115 25114 25116
25117 25115 25116
25115 25117 25118
25119 25118 25117
25118 25119 25120
25119 25121 25120
25121 25119 25122
25122 25123 25121
25123 25122 25124
25124 25125 25123
25125 25124 25126
25126 25127 25125
25127 25126 25128
25129 25127 25128
25127 25129 25130
25131 25130 25129
25132 25133 25134
25135 25134 25133
25134 25135 25136
25137 25136 25135
25136 25137 25138
25139 25138 25137
25138 25139 25140
25141 25140 25139
25140 25141 25142
25143 25142 25141
25142 25143 25144
25145 25144 25143
25144 25145 25146
25147 25146 25145
25146 25147 25148
25149 25148 25147
25148 25149 25150
25151 25150 25149
25150 25151 25152
25151 25153 25152
25153 25151 25154
25154 25155 25153
25155 25154 25156
25156 25157 25155
25157 25156 25158
25158 25159 25157
25159 25158 25160
25160 25161 25159
25161 25160 25162
25162 25163 25161
25163 25162 25164
25164 25165 25163
25165 25164 25166
25166 25167 25165
25167 25166 25168
25168 25169 25167
25169 25168 25170
25169 25170 25171
